/*--------------------------------*- C++ -*----------------------------------*\
| =========                 |                                                 |
| \\      /  F ield         | OpenFOAM: The Open Source CFD Toolbox           |
|  \\    /   O peration     | Version:  v1906                                 |
|   \\  /    A nd           | Web:      www.OpenFOAM.com                      |
|    \\/     M anipulation  |                                                 |
\*---------------------------------------------------------------------------*/
FoamFile
{
    version     2.0;
    format      ascii;
    class       labelList;
    note        "nPoints:1280  nCells:900  nFaces:3045  nInternalFaces:2355";
    location    "constant/polyMesh";
    object      neighbour;
}
// * * * * * * * * * * * * * * * * * * * * * * * * * * * * * * * * * * * * * //


2355
(
1
4
60
2
5
61
3
6
62
7
63
5
8
64
6
9
65
7
10
66
11
67
9
12
68
10
13
69
11
14
70
15
71
13
16
72
14
17
73
15
18
74
19
75
17
20
76
18
21
77
19
22
78
23
79
21
24
80
22
25
81
23
26
82
27
83
25
28
84
26
29
85
27
30
86
31
87
29
32
88
30
33
89
31
34
90
35
91
33
36
92
34
37
93
35
38
94
39
95
37
40
96
38
41
97
39
42
98
43
99
41
44
100
42
45
101
43
46
102
47
103
45
48
104
46
49
105
47
50
106
51
107
49
52
108
50
53
109
51
54
110
55
111
53
56
112
54
57
113
55
58
114
59
115
57
116
58
117
59
118
119
61
64
120
62
65
121
63
66
122
67
123
65
68
124
66
69
125
67
70
126
71
127
69
72
128
70
73
129
71
74
130
75
131
73
76
132
74
77
133
75
78
134
79
135
77
80
136
78
81
137
79
82
138
83
139
81
84
140
82
85
141
83
86
142
87
143
85
88
144
86
89
145
87
90
146
91
147
89
92
148
90
93
149
91
94
150
95
151
93
96
152
94
97
153
95
98
154
99
155
97
100
156
98
101
157
99
102
158
103
159
101
104
160
102
105
161
103
106
162
107
163
105
108
164
106
109
165
107
110
166
111
167
109
112
168
110
113
169
111
114
170
115
171
113
116
172
114
117
173
115
118
174
119
175
117
176
118
177
119
178
179
121
124
180
122
125
181
123
126
182
127
183
125
128
184
126
129
185
127
130
186
131
187
129
132
188
130
133
189
131
134
190
135
191
133
136
192
134
137
193
135
138
194
139
195
137
140
196
138
141
197
139
142
198
143
199
141
144
200
142
145
201
143
146
202
147
203
145
148
204
146
149
205
147
150
206
151
207
149
152
208
150
153
209
151
154
210
155
211
153
156
212
154
157
213
155
158
214
159
215
157
160
216
158
161
217
159
162
218
163
219
161
164
220
162
165
221
163
166
222
167
223
165
168
224
166
169
225
167
170
226
171
227
169
172
228
170
173
229
171
174
230
175
231
173
176
232
174
177
233
175
178
234
179
235
177
236
178
237
179
238
239
181
184
240
182
185
241
183
186
242
187
243
185
188
244
186
189
245
187
190
246
191
247
189
192
248
190
193
249
191
194
250
195
251
193
196
252
194
197
253
195
198
254
199
255
197
200
256
198
201
257
199
202
258
203
259
201
204
260
202
205
261
203
206
262
207
263
205
208
264
206
209
265
207
210
266
211
267
209
212
268
210
213
269
211
214
270
215
271
213
216
272
214
217
273
215
218
274
219
275
217
220
276
218
221
277
219
222
278
223
279
221
224
280
222
225
281
223
226
282
227
283
225
228
284
226
229
285
227
230
286
231
287
229
232
288
230
233
289
231
234
290
235
291
233
236
292
234
237
293
235
238
294
239
295
237
296
238
297
239
298
299
241
244
300
242
245
301
243
246
302
247
303
245
248
304
246
249
305
247
250
306
251
307
249
252
308
250
253
309
251
254
310
255
311
253
256
312
254
257
313
255
258
314
259
315
257
260
316
258
261
317
259
262
318
263
319
261
264
320
262
265
321
263
266
322
267
323
265
268
324
266
269
325
267
270
326
271
327
269
272
328
270
273
329
271
274
330
275
331
273
276
332
274
277
333
275
278
334
279
335
277
280
336
278
281
337
279
282
338
283
339
281
284
340
282
285
341
283
286
342
287
343
285
288
344
286
289
345
287
290
346
291
347
289
292
348
290
293
349
291
294
350
295
351
293
296
352
294
297
353
295
298
354
299
355
297
356
298
357
299
358
359
301
304
360
302
305
361
303
306
362
307
363
305
308
364
306
309
365
307
310
366
311
367
309
312
368
310
313
369
311
314
370
315
371
313
316
372
314
317
373
315
318
374
319
375
317
320
376
318
321
377
319
322
378
323
379
321
324
380
322
325
381
323
326
382
327
383
325
328
384
326
329
385
327
330
386
331
387
329
332
388
330
333
389
331
334
390
335
391
333
336
392
334
337
393
335
338
394
339
395
337
340
396
338
341
397
339
342
398
343
399
341
344
400
342
345
401
343
346
402
347
403
345
348
404
346
349
405
347
350
406
351
407
349
352
408
350
353
409
351
354
410
355
411
353
356
412
354
357
413
355
358
414
359
415
357
416
358
417
359
418
419
361
364
420
362
365
421
363
366
422
367
423
365
368
424
366
369
425
367
370
426
371
427
369
372
428
370
373
429
371
374
430
375
431
373
376
432
374
377
433
375
378
434
379
435
377
380
436
378
381
437
379
382
438
383
439
381
384
440
382
385
441
383
386
442
387
443
385
388
444
386
389
445
387
390
446
391
447
389
392
448
390
393
449
391
394
450
395
451
393
396
452
394
397
453
395
398
454
399
455
397
400
456
398
401
457
399
402
458
403
459
401
404
460
402
405
461
403
406
462
407
463
405
408
464
406
409
465
407
410
466
411
467
409
412
468
410
413
469
411
414
470
415
471
413
416
472
414
417
473
415
418
474
419
475
417
476
418
477
419
478
479
421
424
480
422
425
481
423
426
482
427
483
425
428
484
426
429
485
427
430
486
431
487
429
432
488
430
433
489
431
434
490
435
491
433
436
492
434
437
493
435
438
494
439
495
437
440
496
438
441
497
439
442
498
443
499
441
444
500
442
445
501
443
446
502
447
503
445
448
504
446
449
505
447
450
506
451
507
449
452
508
450
453
509
451
454
510
455
511
453
456
512
454
457
513
455
458
514
459
515
457
460
516
458
461
517
459
462
518
463
519
461
464
520
462
465
521
463
466
522
467
523
465
468
524
466
469
525
467
470
526
471
527
469
472
528
470
473
529
471
474
530
475
531
473
476
532
474
477
533
475
478
534
479
535
477
536
478
537
479
538
539
481
484
540
482
485
541
483
486
542
487
543
485
488
544
486
489
545
487
490
546
491
547
489
492
548
490
493
549
491
494
550
495
551
493
496
552
494
497
553
495
498
554
499
555
497
500
556
498
501
557
499
502
558
503
559
501
504
560
502
505
561
503
506
562
507
563
505
508
564
506
509
565
507
510
566
511
567
509
512
568
510
513
569
511
514
570
515
571
513
516
572
514
517
573
515
518
574
519
575
517
520
576
518
521
577
519
522
578
523
579
521
524
580
522
525
581
523
526
582
527
583
525
528
584
526
529
585
527
530
586
531
587
529
532
588
530
533
589
531
534
590
535
591
533
536
592
534
537
593
535
538
594
539
595
537
596
538
597
539
598
599
541
544
600
542
545
601
543
546
602
547
603
545
548
604
546
549
605
547
550
606
551
607
549
552
608
550
553
609
551
554
610
555
611
553
556
612
554
557
613
555
558
614
559
615
557
560
616
558
561
617
559
562
618
563
619
561
564
620
562
565
621
563
566
622
567
623
565
568
624
566
569
625
567
570
626
571
627
569
572
628
570
573
629
571
574
630
575
631
573
576
632
574
577
633
575
578
634
579
635
577
580
636
578
581
637
579
582
638
583
639
581
584
640
582
585
641
583
586
642
587
643
585
588
644
586
589
645
587
590
646
591
647
589
592
648
590
593
649
591
594
650
595
651
593
596
652
594
597
653
595
598
654
599
655
597
656
598
657
599
658
659
601
604
660
602
605
661
603
606
662
607
663
605
608
664
606
609
665
607
610
666
611
667
609
612
668
610
613
669
611
614
670
615
671
613
616
672
614
617
673
615
618
674
619
675
617
620
676
618
621
677
619
622
678
623
679
621
624
680
622
625
681
623
626
682
627
683
625
628
684
626
629
685
627
630
686
631
687
629
632
688
630
633
689
631
634
690
635
691
633
636
692
634
637
693
635
638
694
639
695
637
640
696
638
641
697
639
642
698
643
699
641
644
700
642
645
701
643
646
702
647
703
645
648
704
646
649
705
647
650
706
651
707
649
652
708
650
653
709
651
654
710
655
711
653
656
712
654
657
713
655
658
714
659
715
657
716
658
717
659
718
719
661
664
720
662
665
721
663
666
722
667
723
665
668
724
666
669
725
667
670
726
671
727
669
672
728
670
673
729
671
674
730
675
731
673
676
732
674
677
733
675
678
734
679
735
677
680
736
678
681
737
679
682
738
683
739
681
684
740
682
685
741
683
686
742
687
743
685
688
744
686
689
745
687
690
746
691
747
689
692
748
690
693
749
691
694
750
695
751
693
696
752
694
697
753
695
698
754
699
755
697
700
756
698
701
757
699
702
758
703
759
701
704
760
702
705
761
703
706
762
707
763
705
708
764
706
709
765
707
710
766
711
767
709
712
768
710
713
769
711
714
770
715
771
713
716
772
714
717
773
715
718
774
719
775
717
776
718
777
719
778
779
721
724
780
722
725
781
723
726
782
727
783
725
728
784
726
729
785
727
730
786
731
787
729
732
788
730
733
789
731
734
790
735
791
733
736
792
734
737
793
735
738
794
739
795
737
740
796
738
741
797
739
742
798
743
799
741
744
800
742
745
801
743
746
802
747
803
745
748
804
746
749
805
747
750
806
751
807
749
752
808
750
753
809
751
754
810
755
811
753
756
812
754
757
813
755
758
814
759
815
757
760
816
758
761
817
759
762
818
763
819
761
764
820
762
765
821
763
766
822
767
823
765
768
824
766
769
825
767
770
826
771
827
769
772
828
770
773
829
771
774
830
775
831
773
776
832
774
777
833
775
778
834
779
835
777
836
778
837
779
838
839
781
784
840
782
785
841
783
786
842
787
843
785
788
844
786
789
845
787
790
846
791
847
789
792
848
790
793
849
791
794
850
795
851
793
796
852
794
797
853
795
798
854
799
855
797
800
856
798
801
857
799
802
858
803
859
801
804
860
802
805
861
803
806
862
807
863
805
808
864
806
809
865
807
810
866
811
867
809
812
868
810
813
869
811
814
870
815
871
813
816
872
814
817
873
815
818
874
819
875
817
820
876
818
821
877
819
822
878
823
879
821
824
880
822
825
881
823
826
882
827
883
825
828
884
826
829
885
827
830
886
831
887
829
832
888
830
833
889
831
834
890
835
891
833
836
892
834
837
893
835
838
894
839
895
837
896
838
897
839
898
899
841
844
842
845
843
846
847
845
848
846
849
847
850
851
849
852
850
853
851
854
855
853
856
854
857
855
858
859
857
860
858
861
859
862
863
861
864
862
865
863
866
867
865
868
866
869
867
870
871
869
872
870
873
871
874
875
873
876
874
877
875
878
879
877
880
878
881
879
882
883
881
884
882
885
883
886
887
885
888
886
889
887
890
891
889
892
890
893
891
894
895
893
896
894
897
895
898
899
897
898
899
)


// ************************************************************************* //
