/*--------------------------------*- C++ -*----------------------------------*\
| =========                 |                                                 |
| \\      /  F ield         | OpenFOAM: The Open Source CFD Toolbox           |
|  \\    /   O peration     | Version:  v1906                                 |
|   \\  /    A nd           | Web:      www.OpenFOAM.com                      |
|    \\/     M anipulation  |                                                 |
\*---------------------------------------------------------------------------*/
FoamFile
{
    version     2.0;
    format      ascii;
    class       faceList;
    location    "constant/polyMesh";
    object      faces;
}
// * * * * * * * * * * * * * * * * * * * * * * * * * * * * * * * * * * * * * //


3045
(
4(120 328 692 493)
4(63 493 692 132)
4(8 132 692 328)
4(121 329 693 494)
4(493 494 693 692)
4(328 692 693 329)
4(122 330 694 495)
4(494 495 694 693)
4(329 693 694 330)
4(495 119 496 694)
4(330 694 496 64)
4(493 692 695 490)
4(62 490 695 133)
4(132 133 695 692)
4(494 693 696 491)
4(490 491 696 695)
4(692 695 696 693)
4(495 694 697 492)
4(491 492 697 696)
4(693 696 697 694)
4(492 118 497 697)
4(694 697 497 496)
4(490 695 698 487)
4(61 487 698 134)
4(133 134 698 695)
4(491 696 699 488)
4(487 488 699 698)
4(695 698 699 696)
4(492 697 700 489)
4(488 489 700 699)
4(696 699 700 697)
4(489 117 498 700)
4(697 700 498 497)
4(487 698 701 484)
4(60 484 701 135)
4(134 135 701 698)
4(488 699 702 485)
4(484 485 702 701)
4(698 701 702 699)
4(489 700 703 486)
4(485 486 703 702)
4(699 702 703 700)
4(486 116 499 703)
4(700 703 499 498)
4(484 701 704 481)
4(59 481 704 136)
4(135 136 704 701)
4(485 702 705 482)
4(481 482 705 704)
4(701 704 705 702)
4(486 703 706 483)
4(482 483 706 705)
4(702 705 706 703)
4(483 115 500 706)
4(703 706 500 499)
4(481 704 707 478)
4(58 478 707 137)
4(136 137 707 704)
4(482 705 708 479)
4(478 479 708 707)
4(704 707 708 705)
4(483 706 709 480)
4(479 480 709 708)
4(705 708 709 706)
4(480 114 501 709)
4(706 709 501 500)
4(478 707 710 475)
4(57 475 710 138)
4(137 138 710 707)
4(479 708 711 476)
4(475 476 711 710)
4(707 710 711 708)
4(480 709 712 477)
4(476 477 712 711)
4(708 711 712 709)
4(477 113 502 712)
4(709 712 502 501)
4(475 710 713 472)
4(56 472 713 139)
4(138 139 713 710)
4(476 711 714 473)
4(472 473 714 713)
4(710 713 714 711)
4(477 712 715 474)
4(473 474 715 714)
4(711 714 715 712)
4(474 112 503 715)
4(712 715 503 502)
4(472 713 716 469)
4(55 469 716 140)
4(139 140 716 713)
4(473 714 717 470)
4(469 470 717 716)
4(713 716 717 714)
4(474 715 718 471)
4(470 471 718 717)
4(714 717 718 715)
4(471 111 504 718)
4(715 718 504 503)
4(469 716 719 466)
4(54 466 719 141)
4(140 141 719 716)
4(470 717 720 467)
4(466 467 720 719)
4(716 719 720 717)
4(471 718 721 468)
4(467 468 721 720)
4(717 720 721 718)
4(468 110 505 721)
4(718 721 505 504)
4(466 719 722 463)
4(53 463 722 142)
4(141 142 722 719)
4(467 720 723 464)
4(463 464 723 722)
4(719 722 723 720)
4(468 721 724 465)
4(464 465 724 723)
4(720 723 724 721)
4(465 109 506 724)
4(721 724 506 505)
4(463 722 725 460)
4(52 460 725 143)
4(142 143 725 722)
4(464 723 726 461)
4(460 461 726 725)
4(722 725 726 723)
4(465 724 727 462)
4(461 462 727 726)
4(723 726 727 724)
4(462 108 507 727)
4(724 727 507 506)
4(460 725 728 457)
4(51 457 728 144)
4(143 144 728 725)
4(461 726 729 458)
4(457 458 729 728)
4(725 728 729 726)
4(462 727 730 459)
4(458 459 730 729)
4(726 729 730 727)
4(459 107 508 730)
4(727 730 508 507)
4(457 728 731 454)
4(50 454 731 145)
4(144 145 731 728)
4(458 729 732 455)
4(454 455 732 731)
4(728 731 732 729)
4(459 730 733 456)
4(455 456 733 732)
4(729 732 733 730)
4(456 106 509 733)
4(730 733 509 508)
4(454 731 451 129)
4(145 49 451 731)
4(455 732 452 130)
4(731 451 452 732)
4(456 733 453 131)
4(732 452 453 733)
4(733 453 105 509)
4(328 331 734 692)
4(132 692 734 146)
4(9 146 734 331)
4(329 332 735 693)
4(692 693 735 734)
4(331 734 735 332)
4(330 333 736 694)
4(693 694 736 735)
4(332 735 736 333)
4(694 496 510 736)
4(333 736 510 65)
4(692 734 737 695)
4(133 695 737 147)
4(146 147 737 734)
4(693 735 738 696)
4(695 696 738 737)
4(734 737 738 735)
4(694 736 739 697)
4(696 697 739 738)
4(735 738 739 736)
4(697 497 511 739)
4(736 739 511 510)
4(695 737 740 698)
4(134 698 740 148)
4(147 148 740 737)
4(696 738 741 699)
4(698 699 741 740)
4(737 740 741 738)
4(697 739 742 700)
4(699 700 742 741)
4(738 741 742 739)
4(700 498 512 742)
4(739 742 512 511)
4(698 740 743 701)
4(135 701 743 149)
4(148 149 743 740)
4(699 741 744 702)
4(701 702 744 743)
4(740 743 744 741)
4(700 742 745 703)
4(702 703 745 744)
4(741 744 745 742)
4(703 499 513 745)
4(742 745 513 512)
4(701 743 746 704)
4(136 704 746 150)
4(149 150 746 743)
4(702 744 747 705)
4(704 705 747 746)
4(743 746 747 744)
4(703 745 748 706)
4(705 706 748 747)
4(744 747 748 745)
4(706 500 514 748)
4(745 748 514 513)
4(704 746 749 707)
4(137 707 749 151)
4(150 151 749 746)
4(705 747 750 708)
4(707 708 750 749)
4(746 749 750 747)
4(706 748 751 709)
4(708 709 751 750)
4(747 750 751 748)
4(709 501 515 751)
4(748 751 515 514)
4(707 749 752 710)
4(138 710 752 152)
4(151 152 752 749)
4(708 750 753 711)
4(710 711 753 752)
4(749 752 753 750)
4(709 751 754 712)
4(711 712 754 753)
4(750 753 754 751)
4(712 502 516 754)
4(751 754 516 515)
4(710 752 755 713)
4(139 713 755 153)
4(152 153 755 752)
4(711 753 756 714)
4(713 714 756 755)
4(752 755 756 753)
4(712 754 757 715)
4(714 715 757 756)
4(753 756 757 754)
4(715 503 517 757)
4(754 757 517 516)
4(713 755 758 716)
4(140 716 758 154)
4(153 154 758 755)
4(714 756 759 717)
4(716 717 759 758)
4(755 758 759 756)
4(715 757 760 718)
4(717 718 760 759)
4(756 759 760 757)
4(718 504 518 760)
4(757 760 518 517)
4(716 758 761 719)
4(141 719 761 155)
4(154 155 761 758)
4(717 759 762 720)
4(719 720 762 761)
4(758 761 762 759)
4(718 760 763 721)
4(720 721 763 762)
4(759 762 763 760)
4(721 505 519 763)
4(760 763 519 518)
4(719 761 764 722)
4(142 722 764 156)
4(155 156 764 761)
4(720 762 765 723)
4(722 723 765 764)
4(761 764 765 762)
4(721 763 766 724)
4(723 724 766 765)
4(762 765 766 763)
4(724 506 520 766)
4(763 766 520 519)
4(722 764 767 725)
4(143 725 767 157)
4(156 157 767 764)
4(723 765 768 726)
4(725 726 768 767)
4(764 767 768 765)
4(724 766 769 727)
4(726 727 769 768)
4(765 768 769 766)
4(727 507 521 769)
4(766 769 521 520)
4(725 767 770 728)
4(144 728 770 158)
4(157 158 770 767)
4(726 768 771 729)
4(728 729 771 770)
4(767 770 771 768)
4(727 769 772 730)
4(729 730 772 771)
4(768 771 772 769)
4(730 508 522 772)
4(769 772 522 521)
4(728 770 773 731)
4(145 731 773 159)
4(158 159 773 770)
4(729 771 774 732)
4(731 732 774 773)
4(770 773 774 771)
4(730 772 775 733)
4(732 733 775 774)
4(771 774 775 772)
4(733 509 523 775)
4(772 775 523 522)
4(731 773 448 451)
4(159 48 448 773)
4(732 774 449 452)
4(773 448 449 774)
4(733 775 450 453)
4(774 449 450 775)
4(775 450 104 523)
4(331 334 776 734)
4(146 734 776 160)
4(10 160 776 334)
4(332 335 777 735)
4(734 735 777 776)
4(334 776 777 335)
4(333 336 778 736)
4(735 736 778 777)
4(335 777 778 336)
4(736 510 524 778)
4(336 778 524 66)
4(734 776 779 737)
4(147 737 779 161)
4(160 161 779 776)
4(735 777 780 738)
4(737 738 780 779)
4(776 779 780 777)
4(736 778 781 739)
4(738 739 781 780)
4(777 780 781 778)
4(739 511 525 781)
4(778 781 525 524)
4(737 779 782 740)
4(148 740 782 162)
4(161 162 782 779)
4(738 780 783 741)
4(740 741 783 782)
4(779 782 783 780)
4(739 781 784 742)
4(741 742 784 783)
4(780 783 784 781)
4(742 512 526 784)
4(781 784 526 525)
4(740 782 785 743)
4(149 743 785 163)
4(162 163 785 782)
4(741 783 786 744)
4(743 744 786 785)
4(782 785 786 783)
4(742 784 787 745)
4(744 745 787 786)
4(783 786 787 784)
4(745 513 527 787)
4(784 787 527 526)
4(743 785 788 746)
4(150 746 788 164)
4(163 164 788 785)
4(744 786 789 747)
4(746 747 789 788)
4(785 788 789 786)
4(745 787 790 748)
4(747 748 790 789)
4(786 789 790 787)
4(748 514 528 790)
4(787 790 528 527)
4(746 788 791 749)
4(151 749 791 165)
4(164 165 791 788)
4(747 789 792 750)
4(749 750 792 791)
4(788 791 792 789)
4(748 790 793 751)
4(750 751 793 792)
4(789 792 793 790)
4(751 515 529 793)
4(790 793 529 528)
4(749 791 794 752)
4(152 752 794 166)
4(165 166 794 791)
4(750 792 795 753)
4(752 753 795 794)
4(791 794 795 792)
4(751 793 796 754)
4(753 754 796 795)
4(792 795 796 793)
4(754 516 530 796)
4(793 796 530 529)
4(752 794 797 755)
4(153 755 797 167)
4(166 167 797 794)
4(753 795 798 756)
4(755 756 798 797)
4(794 797 798 795)
4(754 796 799 757)
4(756 757 799 798)
4(795 798 799 796)
4(757 517 531 799)
4(796 799 531 530)
4(755 797 800 758)
4(154 758 800 168)
4(167 168 800 797)
4(756 798 801 759)
4(758 759 801 800)
4(797 800 801 798)
4(757 799 802 760)
4(759 760 802 801)
4(798 801 802 799)
4(760 518 532 802)
4(799 802 532 531)
4(758 800 803 761)
4(155 761 803 169)
4(168 169 803 800)
4(759 801 804 762)
4(761 762 804 803)
4(800 803 804 801)
4(760 802 805 763)
4(762 763 805 804)
4(801 804 805 802)
4(763 519 533 805)
4(802 805 533 532)
4(761 803 806 764)
4(156 764 806 170)
4(169 170 806 803)
4(762 804 807 765)
4(764 765 807 806)
4(803 806 807 804)
4(763 805 808 766)
4(765 766 808 807)
4(804 807 808 805)
4(766 520 534 808)
4(805 808 534 533)
4(764 806 809 767)
4(157 767 809 171)
4(170 171 809 806)
4(765 807 810 768)
4(767 768 810 809)
4(806 809 810 807)
4(766 808 811 769)
4(768 769 811 810)
4(807 810 811 808)
4(769 521 535 811)
4(808 811 535 534)
4(767 809 812 770)
4(158 770 812 172)
4(171 172 812 809)
4(768 810 813 771)
4(770 771 813 812)
4(809 812 813 810)
4(769 811 814 772)
4(771 772 814 813)
4(810 813 814 811)
4(772 522 536 814)
4(811 814 536 535)
4(770 812 815 773)
4(159 773 815 173)
4(172 173 815 812)
4(771 813 816 774)
4(773 774 816 815)
4(812 815 816 813)
4(772 814 817 775)
4(774 775 817 816)
4(813 816 817 814)
4(775 523 537 817)
4(814 817 537 536)
4(773 815 445 448)
4(173 47 445 815)
4(774 816 446 449)
4(815 445 446 816)
4(775 817 447 450)
4(816 446 447 817)
4(817 447 103 537)
4(334 337 818 776)
4(160 776 818 174)
4(11 174 818 337)
4(335 338 819 777)
4(776 777 819 818)
4(337 818 819 338)
4(336 339 820 778)
4(777 778 820 819)
4(338 819 820 339)
4(778 524 538 820)
4(339 820 538 67)
4(776 818 821 779)
4(161 779 821 175)
4(174 175 821 818)
4(777 819 822 780)
4(779 780 822 821)
4(818 821 822 819)
4(778 820 823 781)
4(780 781 823 822)
4(819 822 823 820)
4(781 525 539 823)
4(820 823 539 538)
4(779 821 824 782)
4(162 782 824 176)
4(175 176 824 821)
4(780 822 825 783)
4(782 783 825 824)
4(821 824 825 822)
4(781 823 826 784)
4(783 784 826 825)
4(822 825 826 823)
4(784 526 540 826)
4(823 826 540 539)
4(782 824 827 785)
4(163 785 827 177)
4(176 177 827 824)
4(783 825 828 786)
4(785 786 828 827)
4(824 827 828 825)
4(784 826 829 787)
4(786 787 829 828)
4(825 828 829 826)
4(787 527 541 829)
4(826 829 541 540)
4(785 827 830 788)
4(164 788 830 178)
4(177 178 830 827)
4(786 828 831 789)
4(788 789 831 830)
4(827 830 831 828)
4(787 829 832 790)
4(789 790 832 831)
4(828 831 832 829)
4(790 528 542 832)
4(829 832 542 541)
4(788 830 833 791)
4(165 791 833 179)
4(178 179 833 830)
4(789 831 834 792)
4(791 792 834 833)
4(830 833 834 831)
4(790 832 835 793)
4(792 793 835 834)
4(831 834 835 832)
4(793 529 543 835)
4(832 835 543 542)
4(791 833 836 794)
4(166 794 836 180)
4(179 180 836 833)
4(792 834 837 795)
4(794 795 837 836)
4(833 836 837 834)
4(793 835 838 796)
4(795 796 838 837)
4(834 837 838 835)
4(796 530 544 838)
4(835 838 544 543)
4(794 836 839 797)
4(167 797 839 181)
4(180 181 839 836)
4(795 837 840 798)
4(797 798 840 839)
4(836 839 840 837)
4(796 838 841 799)
4(798 799 841 840)
4(837 840 841 838)
4(799 531 545 841)
4(838 841 545 544)
4(797 839 842 800)
4(168 800 842 182)
4(181 182 842 839)
4(798 840 843 801)
4(800 801 843 842)
4(839 842 843 840)
4(799 841 844 802)
4(801 802 844 843)
4(840 843 844 841)
4(802 532 546 844)
4(841 844 546 545)
4(800 842 845 803)
4(169 803 845 183)
4(182 183 845 842)
4(801 843 846 804)
4(803 804 846 845)
4(842 845 846 843)
4(802 844 847 805)
4(804 805 847 846)
4(843 846 847 844)
4(805 533 547 847)
4(844 847 547 546)
4(803 845 848 806)
4(170 806 848 184)
4(183 184 848 845)
4(804 846 849 807)
4(806 807 849 848)
4(845 848 849 846)
4(805 847 850 808)
4(807 808 850 849)
4(846 849 850 847)
4(808 534 548 850)
4(847 850 548 547)
4(806 848 851 809)
4(171 809 851 185)
4(184 185 851 848)
4(807 849 852 810)
4(809 810 852 851)
4(848 851 852 849)
4(808 850 853 811)
4(810 811 853 852)
4(849 852 853 850)
4(811 535 549 853)
4(850 853 549 548)
4(809 851 854 812)
4(172 812 854 186)
4(185 186 854 851)
4(810 852 855 813)
4(812 813 855 854)
4(851 854 855 852)
4(811 853 856 814)
4(813 814 856 855)
4(852 855 856 853)
4(814 536 550 856)
4(853 856 550 549)
4(812 854 857 815)
4(173 815 857 187)
4(186 187 857 854)
4(813 855 858 816)
4(815 816 858 857)
4(854 857 858 855)
4(814 856 859 817)
4(816 817 859 858)
4(855 858 859 856)
4(817 537 551 859)
4(856 859 551 550)
4(815 857 442 445)
4(187 46 442 857)
4(816 858 443 446)
4(857 442 443 858)
4(817 859 444 447)
4(858 443 444 859)
4(859 444 102 551)
4(337 340 860 818)
4(174 818 860 188)
4(12 188 860 340)
4(338 341 861 819)
4(818 819 861 860)
4(340 860 861 341)
4(339 342 862 820)
4(819 820 862 861)
4(341 861 862 342)
4(820 538 552 862)
4(342 862 552 68)
4(818 860 863 821)
4(175 821 863 189)
4(188 189 863 860)
4(819 861 864 822)
4(821 822 864 863)
4(860 863 864 861)
4(820 862 865 823)
4(822 823 865 864)
4(861 864 865 862)
4(823 539 553 865)
4(862 865 553 552)
4(821 863 866 824)
4(176 824 866 190)
4(189 190 866 863)
4(822 864 867 825)
4(824 825 867 866)
4(863 866 867 864)
4(823 865 868 826)
4(825 826 868 867)
4(864 867 868 865)
4(826 540 554 868)
4(865 868 554 553)
4(824 866 869 827)
4(177 827 869 191)
4(190 191 869 866)
4(825 867 870 828)
4(827 828 870 869)
4(866 869 870 867)
4(826 868 871 829)
4(828 829 871 870)
4(867 870 871 868)
4(829 541 555 871)
4(868 871 555 554)
4(827 869 872 830)
4(178 830 872 192)
4(191 192 872 869)
4(828 870 873 831)
4(830 831 873 872)
4(869 872 873 870)
4(829 871 874 832)
4(831 832 874 873)
4(870 873 874 871)
4(832 542 556 874)
4(871 874 556 555)
4(830 872 875 833)
4(179 833 875 193)
4(192 193 875 872)
4(831 873 876 834)
4(833 834 876 875)
4(872 875 876 873)
4(832 874 877 835)
4(834 835 877 876)
4(873 876 877 874)
4(835 543 557 877)
4(874 877 557 556)
4(833 875 878 836)
4(180 836 878 194)
4(193 194 878 875)
4(834 876 879 837)
4(836 837 879 878)
4(875 878 879 876)
4(835 877 880 838)
4(837 838 880 879)
4(876 879 880 877)
4(838 544 558 880)
4(877 880 558 557)
4(836 878 881 839)
4(181 839 881 195)
4(194 195 881 878)
4(837 879 882 840)
4(839 840 882 881)
4(878 881 882 879)
4(838 880 883 841)
4(840 841 883 882)
4(879 882 883 880)
4(841 545 559 883)
4(880 883 559 558)
4(839 881 884 842)
4(182 842 884 196)
4(195 196 884 881)
4(840 882 885 843)
4(842 843 885 884)
4(881 884 885 882)
4(841 883 886 844)
4(843 844 886 885)
4(882 885 886 883)
4(844 546 560 886)
4(883 886 560 559)
4(842 884 887 845)
4(183 845 887 197)
4(196 197 887 884)
4(843 885 888 846)
4(845 846 888 887)
4(884 887 888 885)
4(844 886 889 847)
4(846 847 889 888)
4(885 888 889 886)
4(847 547 561 889)
4(886 889 561 560)
4(845 887 890 848)
4(184 848 890 198)
4(197 198 890 887)
4(846 888 891 849)
4(848 849 891 890)
4(887 890 891 888)
4(847 889 892 850)
4(849 850 892 891)
4(888 891 892 889)
4(850 548 562 892)
4(889 892 562 561)
4(848 890 893 851)
4(185 851 893 199)
4(198 199 893 890)
4(849 891 894 852)
4(851 852 894 893)
4(890 893 894 891)
4(850 892 895 853)
4(852 853 895 894)
4(891 894 895 892)
4(853 549 563 895)
4(892 895 563 562)
4(851 893 896 854)
4(186 854 896 200)
4(199 200 896 893)
4(852 894 897 855)
4(854 855 897 896)
4(893 896 897 894)
4(853 895 898 856)
4(855 856 898 897)
4(894 897 898 895)
4(856 550 564 898)
4(895 898 564 563)
4(854 896 899 857)
4(187 857 899 201)
4(200 201 899 896)
4(855 897 900 858)
4(857 858 900 899)
4(896 899 900 897)
4(856 898 901 859)
4(858 859 901 900)
4(897 900 901 898)
4(859 551 565 901)
4(898 901 565 564)
4(857 899 439 442)
4(201 45 439 899)
4(858 900 440 443)
4(899 439 440 900)
4(859 901 441 444)
4(900 440 441 901)
4(901 441 101 565)
4(340 343 902 860)
4(188 860 902 202)
4(13 202 902 343)
4(341 344 903 861)
4(860 861 903 902)
4(343 902 903 344)
4(342 345 904 862)
4(861 862 904 903)
4(344 903 904 345)
4(862 552 566 904)
4(345 904 566 69)
4(860 902 905 863)
4(189 863 905 203)
4(202 203 905 902)
4(861 903 906 864)
4(863 864 906 905)
4(902 905 906 903)
4(862 904 907 865)
4(864 865 907 906)
4(903 906 907 904)
4(865 553 567 907)
4(904 907 567 566)
4(863 905 908 866)
4(190 866 908 204)
4(203 204 908 905)
4(864 906 909 867)
4(866 867 909 908)
4(905 908 909 906)
4(865 907 910 868)
4(867 868 910 909)
4(906 909 910 907)
4(868 554 568 910)
4(907 910 568 567)
4(866 908 911 869)
4(191 869 911 205)
4(204 205 911 908)
4(867 909 912 870)
4(869 870 912 911)
4(908 911 912 909)
4(868 910 913 871)
4(870 871 913 912)
4(909 912 913 910)
4(871 555 569 913)
4(910 913 569 568)
4(869 911 914 872)
4(192 872 914 206)
4(205 206 914 911)
4(870 912 915 873)
4(872 873 915 914)
4(911 914 915 912)
4(871 913 916 874)
4(873 874 916 915)
4(912 915 916 913)
4(874 556 570 916)
4(913 916 570 569)
4(872 914 917 875)
4(193 875 917 207)
4(206 207 917 914)
4(873 915 918 876)
4(875 876 918 917)
4(914 917 918 915)
4(874 916 919 877)
4(876 877 919 918)
4(915 918 919 916)
4(877 557 571 919)
4(916 919 571 570)
4(875 917 920 878)
4(194 878 920 208)
4(207 208 920 917)
4(876 918 921 879)
4(878 879 921 920)
4(917 920 921 918)
4(877 919 922 880)
4(879 880 922 921)
4(918 921 922 919)
4(880 558 572 922)
4(919 922 572 571)
4(878 920 923 881)
4(195 881 923 209)
4(208 209 923 920)
4(879 921 924 882)
4(881 882 924 923)
4(920 923 924 921)
4(880 922 925 883)
4(882 883 925 924)
4(921 924 925 922)
4(883 559 573 925)
4(922 925 573 572)
4(881 923 926 884)
4(196 884 926 210)
4(209 210 926 923)
4(882 924 927 885)
4(884 885 927 926)
4(923 926 927 924)
4(883 925 928 886)
4(885 886 928 927)
4(924 927 928 925)
4(886 560 574 928)
4(925 928 574 573)
4(884 926 929 887)
4(197 887 929 211)
4(210 211 929 926)
4(885 927 930 888)
4(887 888 930 929)
4(926 929 930 927)
4(886 928 931 889)
4(888 889 931 930)
4(927 930 931 928)
4(889 561 575 931)
4(928 931 575 574)
4(887 929 932 890)
4(198 890 932 212)
4(211 212 932 929)
4(888 930 933 891)
4(890 891 933 932)
4(929 932 933 930)
4(889 931 934 892)
4(891 892 934 933)
4(930 933 934 931)
4(892 562 576 934)
4(931 934 576 575)
4(890 932 935 893)
4(199 893 935 213)
4(212 213 935 932)
4(891 933 936 894)
4(893 894 936 935)
4(932 935 936 933)
4(892 934 937 895)
4(894 895 937 936)
4(933 936 937 934)
4(895 563 577 937)
4(934 937 577 576)
4(893 935 938 896)
4(200 896 938 214)
4(213 214 938 935)
4(894 936 939 897)
4(896 897 939 938)
4(935 938 939 936)
4(895 937 940 898)
4(897 898 940 939)
4(936 939 940 937)
4(898 564 578 940)
4(937 940 578 577)
4(896 938 941 899)
4(201 899 941 215)
4(214 215 941 938)
4(897 939 942 900)
4(899 900 942 941)
4(938 941 942 939)
4(898 940 943 901)
4(900 901 943 942)
4(939 942 943 940)
4(901 565 579 943)
4(940 943 579 578)
4(899 941 436 439)
4(215 44 436 941)
4(900 942 437 440)
4(941 436 437 942)
4(901 943 438 441)
4(942 437 438 943)
4(943 438 100 579)
4(343 346 944 902)
4(202 902 944 216)
4(14 216 944 346)
4(344 347 945 903)
4(902 903 945 944)
4(346 944 945 347)
4(345 348 946 904)
4(903 904 946 945)
4(347 945 946 348)
4(904 566 580 946)
4(348 946 580 70)
4(902 944 947 905)
4(203 905 947 217)
4(216 217 947 944)
4(903 945 948 906)
4(905 906 948 947)
4(944 947 948 945)
4(904 946 949 907)
4(906 907 949 948)
4(945 948 949 946)
4(907 567 581 949)
4(946 949 581 580)
4(905 947 950 908)
4(204 908 950 218)
4(217 218 950 947)
4(906 948 951 909)
4(908 909 951 950)
4(947 950 951 948)
4(907 949 952 910)
4(909 910 952 951)
4(948 951 952 949)
4(910 568 582 952)
4(949 952 582 581)
4(908 950 953 911)
4(205 911 953 219)
4(218 219 953 950)
4(909 951 954 912)
4(911 912 954 953)
4(950 953 954 951)
4(910 952 955 913)
4(912 913 955 954)
4(951 954 955 952)
4(913 569 583 955)
4(952 955 583 582)
4(911 953 956 914)
4(206 914 956 220)
4(219 220 956 953)
4(912 954 957 915)
4(914 915 957 956)
4(953 956 957 954)
4(913 955 958 916)
4(915 916 958 957)
4(954 957 958 955)
4(916 570 584 958)
4(955 958 584 583)
4(914 956 959 917)
4(207 917 959 221)
4(220 221 959 956)
4(915 957 960 918)
4(917 918 960 959)
4(956 959 960 957)
4(916 958 961 919)
4(918 919 961 960)
4(957 960 961 958)
4(919 571 585 961)
4(958 961 585 584)
4(917 959 962 920)
4(208 920 962 222)
4(221 222 962 959)
4(918 960 963 921)
4(920 921 963 962)
4(959 962 963 960)
4(919 961 964 922)
4(921 922 964 963)
4(960 963 964 961)
4(922 572 586 964)
4(961 964 586 585)
4(920 962 965 923)
4(209 923 965 223)
4(222 223 965 962)
4(921 963 966 924)
4(923 924 966 965)
4(962 965 966 963)
4(922 964 967 925)
4(924 925 967 966)
4(963 966 967 964)
4(925 573 587 967)
4(964 967 587 586)
4(923 965 968 926)
4(210 926 968 224)
4(223 224 968 965)
4(924 966 969 927)
4(926 927 969 968)
4(965 968 969 966)
4(925 967 970 928)
4(927 928 970 969)
4(966 969 970 967)
4(928 574 588 970)
4(967 970 588 587)
4(926 968 971 929)
4(211 929 971 225)
4(224 225 971 968)
4(927 969 972 930)
4(929 930 972 971)
4(968 971 972 969)
4(928 970 973 931)
4(930 931 973 972)
4(969 972 973 970)
4(931 575 589 973)
4(970 973 589 588)
4(929 971 974 932)
4(212 932 974 226)
4(225 226 974 971)
4(930 972 975 933)
4(932 933 975 974)
4(971 974 975 972)
4(931 973 976 934)
4(933 934 976 975)
4(972 975 976 973)
4(934 576 590 976)
4(973 976 590 589)
4(932 974 977 935)
4(213 935 977 227)
4(226 227 977 974)
4(933 975 978 936)
4(935 936 978 977)
4(974 977 978 975)
4(934 976 979 937)
4(936 937 979 978)
4(975 978 979 976)
4(937 577 591 979)
4(976 979 591 590)
4(935 977 980 938)
4(214 938 980 228)
4(227 228 980 977)
4(936 978 981 939)
4(938 939 981 980)
4(977 980 981 978)
4(937 979 982 940)
4(939 940 982 981)
4(978 981 982 979)
4(940 578 592 982)
4(979 982 592 591)
4(938 980 983 941)
4(215 941 983 229)
4(228 229 983 980)
4(939 981 984 942)
4(941 942 984 983)
4(980 983 984 981)
4(940 982 985 943)
4(942 943 985 984)
4(981 984 985 982)
4(943 579 593 985)
4(982 985 593 592)
4(941 983 433 436)
4(229 43 433 983)
4(942 984 434 437)
4(983 433 434 984)
4(943 985 435 438)
4(984 434 435 985)
4(985 435 99 593)
4(346 349 986 944)
4(216 944 986 230)
4(15 230 986 349)
4(347 350 987 945)
4(944 945 987 986)
4(349 986 987 350)
4(348 351 988 946)
4(945 946 988 987)
4(350 987 988 351)
4(946 580 594 988)
4(351 988 594 71)
4(944 986 989 947)
4(217 947 989 231)
4(230 231 989 986)
4(945 987 990 948)
4(947 948 990 989)
4(986 989 990 987)
4(946 988 991 949)
4(948 949 991 990)
4(987 990 991 988)
4(949 581 595 991)
4(988 991 595 594)
4(947 989 992 950)
4(218 950 992 232)
4(231 232 992 989)
4(948 990 993 951)
4(950 951 993 992)
4(989 992 993 990)
4(949 991 994 952)
4(951 952 994 993)
4(990 993 994 991)
4(952 582 596 994)
4(991 994 596 595)
4(950 992 995 953)
4(219 953 995 233)
4(232 233 995 992)
4(951 993 996 954)
4(953 954 996 995)
4(992 995 996 993)
4(952 994 997 955)
4(954 955 997 996)
4(993 996 997 994)
4(955 583 597 997)
4(994 997 597 596)
4(953 995 998 956)
4(220 956 998 234)
4(233 234 998 995)
4(954 996 999 957)
4(956 957 999 998)
4(995 998 999 996)
4(955 997 1000 958)
4(957 958 1000 999)
4(996 999 1000 997)
4(958 584 598 1000)
4(997 1000 598 597)
4(956 998 1001 959)
4(221 959 1001 235)
4(234 235 1001 998)
4(957 999 1002 960)
4(959 960 1002 1001)
4(998 1001 1002 999)
4(958 1000 1003 961)
4(960 961 1003 1002)
4(999 1002 1003 1000)
4(961 585 599 1003)
4(1000 1003 599 598)
4(959 1001 1004 962)
4(222 962 1004 236)
4(235 236 1004 1001)
4(960 1002 1005 963)
4(962 963 1005 1004)
4(1001 1004 1005 1002)
4(961 1003 1006 964)
4(963 964 1006 1005)
4(1002 1005 1006 1003)
4(964 586 600 1006)
4(1003 1006 600 599)
4(962 1004 1007 965)
4(223 965 1007 237)
4(236 237 1007 1004)
4(963 1005 1008 966)
4(965 966 1008 1007)
4(1004 1007 1008 1005)
4(964 1006 1009 967)
4(966 967 1009 1008)
4(1005 1008 1009 1006)
4(967 587 601 1009)
4(1006 1009 601 600)
4(965 1007 1010 968)
4(224 968 1010 238)
4(237 238 1010 1007)
4(966 1008 1011 969)
4(968 969 1011 1010)
4(1007 1010 1011 1008)
4(967 1009 1012 970)
4(969 970 1012 1011)
4(1008 1011 1012 1009)
4(970 588 602 1012)
4(1009 1012 602 601)
4(968 1010 1013 971)
4(225 971 1013 239)
4(238 239 1013 1010)
4(969 1011 1014 972)
4(971 972 1014 1013)
4(1010 1013 1014 1011)
4(970 1012 1015 973)
4(972 973 1015 1014)
4(1011 1014 1015 1012)
4(973 589 603 1015)
4(1012 1015 603 602)
4(971 1013 1016 974)
4(226 974 1016 240)
4(239 240 1016 1013)
4(972 1014 1017 975)
4(974 975 1017 1016)
4(1013 1016 1017 1014)
4(973 1015 1018 976)
4(975 976 1018 1017)
4(1014 1017 1018 1015)
4(976 590 604 1018)
4(1015 1018 604 603)
4(974 1016 1019 977)
4(227 977 1019 241)
4(240 241 1019 1016)
4(975 1017 1020 978)
4(977 978 1020 1019)
4(1016 1019 1020 1017)
4(976 1018 1021 979)
4(978 979 1021 1020)
4(1017 1020 1021 1018)
4(979 591 605 1021)
4(1018 1021 605 604)
4(977 1019 1022 980)
4(228 980 1022 242)
4(241 242 1022 1019)
4(978 1020 1023 981)
4(980 981 1023 1022)
4(1019 1022 1023 1020)
4(979 1021 1024 982)
4(981 982 1024 1023)
4(1020 1023 1024 1021)
4(982 592 606 1024)
4(1021 1024 606 605)
4(980 1022 1025 983)
4(229 983 1025 243)
4(242 243 1025 1022)
4(981 1023 1026 984)
4(983 984 1026 1025)
4(1022 1025 1026 1023)
4(982 1024 1027 985)
4(984 985 1027 1026)
4(1023 1026 1027 1024)
4(985 593 607 1027)
4(1024 1027 607 606)
4(983 1025 430 433)
4(243 42 430 1025)
4(984 1026 431 434)
4(1025 430 431 1026)
4(985 1027 432 435)
4(1026 431 432 1027)
4(1027 432 98 607)
4(349 352 1028 986)
4(230 986 1028 244)
4(16 244 1028 352)
4(350 353 1029 987)
4(986 987 1029 1028)
4(352 1028 1029 353)
4(351 354 1030 988)
4(987 988 1030 1029)
4(353 1029 1030 354)
4(988 594 608 1030)
4(354 1030 608 72)
4(986 1028 1031 989)
4(231 989 1031 245)
4(244 245 1031 1028)
4(987 1029 1032 990)
4(989 990 1032 1031)
4(1028 1031 1032 1029)
4(988 1030 1033 991)
4(990 991 1033 1032)
4(1029 1032 1033 1030)
4(991 595 609 1033)
4(1030 1033 609 608)
4(989 1031 1034 992)
4(232 992 1034 246)
4(245 246 1034 1031)
4(990 1032 1035 993)
4(992 993 1035 1034)
4(1031 1034 1035 1032)
4(991 1033 1036 994)
4(993 994 1036 1035)
4(1032 1035 1036 1033)
4(994 596 610 1036)
4(1033 1036 610 609)
4(992 1034 1037 995)
4(233 995 1037 247)
4(246 247 1037 1034)
4(993 1035 1038 996)
4(995 996 1038 1037)
4(1034 1037 1038 1035)
4(994 1036 1039 997)
4(996 997 1039 1038)
4(1035 1038 1039 1036)
4(997 597 611 1039)
4(1036 1039 611 610)
4(995 1037 1040 998)
4(234 998 1040 248)
4(247 248 1040 1037)
4(996 1038 1041 999)
4(998 999 1041 1040)
4(1037 1040 1041 1038)
4(997 1039 1042 1000)
4(999 1000 1042 1041)
4(1038 1041 1042 1039)
4(1000 598 612 1042)
4(1039 1042 612 611)
4(998 1040 1043 1001)
4(235 1001 1043 249)
4(248 249 1043 1040)
4(999 1041 1044 1002)
4(1001 1002 1044 1043)
4(1040 1043 1044 1041)
4(1000 1042 1045 1003)
4(1002 1003 1045 1044)
4(1041 1044 1045 1042)
4(1003 599 613 1045)
4(1042 1045 613 612)
4(1001 1043 1046 1004)
4(236 1004 1046 250)
4(249 250 1046 1043)
4(1002 1044 1047 1005)
4(1004 1005 1047 1046)
4(1043 1046 1047 1044)
4(1003 1045 1048 1006)
4(1005 1006 1048 1047)
4(1044 1047 1048 1045)
4(1006 600 614 1048)
4(1045 1048 614 613)
4(1004 1046 1049 1007)
4(237 1007 1049 251)
4(250 251 1049 1046)
4(1005 1047 1050 1008)
4(1007 1008 1050 1049)
4(1046 1049 1050 1047)
4(1006 1048 1051 1009)
4(1008 1009 1051 1050)
4(1047 1050 1051 1048)
4(1009 601 615 1051)
4(1048 1051 615 614)
4(1007 1049 1052 1010)
4(238 1010 1052 252)
4(251 252 1052 1049)
4(1008 1050 1053 1011)
4(1010 1011 1053 1052)
4(1049 1052 1053 1050)
4(1009 1051 1054 1012)
4(1011 1012 1054 1053)
4(1050 1053 1054 1051)
4(1012 602 616 1054)
4(1051 1054 616 615)
4(1010 1052 1055 1013)
4(239 1013 1055 253)
4(252 253 1055 1052)
4(1011 1053 1056 1014)
4(1013 1014 1056 1055)
4(1052 1055 1056 1053)
4(1012 1054 1057 1015)
4(1014 1015 1057 1056)
4(1053 1056 1057 1054)
4(1015 603 617 1057)
4(1054 1057 617 616)
4(1013 1055 1058 1016)
4(240 1016 1058 254)
4(253 254 1058 1055)
4(1014 1056 1059 1017)
4(1016 1017 1059 1058)
4(1055 1058 1059 1056)
4(1015 1057 1060 1018)
4(1017 1018 1060 1059)
4(1056 1059 1060 1057)
4(1018 604 618 1060)
4(1057 1060 618 617)
4(1016 1058 1061 1019)
4(241 1019 1061 255)
4(254 255 1061 1058)
4(1017 1059 1062 1020)
4(1019 1020 1062 1061)
4(1058 1061 1062 1059)
4(1018 1060 1063 1021)
4(1020 1021 1063 1062)
4(1059 1062 1063 1060)
4(1021 605 619 1063)
4(1060 1063 619 618)
4(1019 1061 1064 1022)
4(242 1022 1064 256)
4(255 256 1064 1061)
4(1020 1062 1065 1023)
4(1022 1023 1065 1064)
4(1061 1064 1065 1062)
4(1021 1063 1066 1024)
4(1023 1024 1066 1065)
4(1062 1065 1066 1063)
4(1024 606 620 1066)
4(1063 1066 620 619)
4(1022 1064 1067 1025)
4(243 1025 1067 257)
4(256 257 1067 1064)
4(1023 1065 1068 1026)
4(1025 1026 1068 1067)
4(1064 1067 1068 1065)
4(1024 1066 1069 1027)
4(1026 1027 1069 1068)
4(1065 1068 1069 1066)
4(1027 607 621 1069)
4(1066 1069 621 620)
4(1025 1067 427 430)
4(257 41 427 1067)
4(1026 1068 428 431)
4(1067 427 428 1068)
4(1027 1069 429 432)
4(1068 428 429 1069)
4(1069 429 97 621)
4(352 355 1070 1028)
4(244 1028 1070 258)
4(17 258 1070 355)
4(353 356 1071 1029)
4(1028 1029 1071 1070)
4(355 1070 1071 356)
4(354 357 1072 1030)
4(1029 1030 1072 1071)
4(356 1071 1072 357)
4(1030 608 622 1072)
4(357 1072 622 73)
4(1028 1070 1073 1031)
4(245 1031 1073 259)
4(258 259 1073 1070)
4(1029 1071 1074 1032)
4(1031 1032 1074 1073)
4(1070 1073 1074 1071)
4(1030 1072 1075 1033)
4(1032 1033 1075 1074)
4(1071 1074 1075 1072)
4(1033 609 623 1075)
4(1072 1075 623 622)
4(1031 1073 1076 1034)
4(246 1034 1076 260)
4(259 260 1076 1073)
4(1032 1074 1077 1035)
4(1034 1035 1077 1076)
4(1073 1076 1077 1074)
4(1033 1075 1078 1036)
4(1035 1036 1078 1077)
4(1074 1077 1078 1075)
4(1036 610 624 1078)
4(1075 1078 624 623)
4(1034 1076 1079 1037)
4(247 1037 1079 261)
4(260 261 1079 1076)
4(1035 1077 1080 1038)
4(1037 1038 1080 1079)
4(1076 1079 1080 1077)
4(1036 1078 1081 1039)
4(1038 1039 1081 1080)
4(1077 1080 1081 1078)
4(1039 611 625 1081)
4(1078 1081 625 624)
4(1037 1079 1082 1040)
4(248 1040 1082 262)
4(261 262 1082 1079)
4(1038 1080 1083 1041)
4(1040 1041 1083 1082)
4(1079 1082 1083 1080)
4(1039 1081 1084 1042)
4(1041 1042 1084 1083)
4(1080 1083 1084 1081)
4(1042 612 626 1084)
4(1081 1084 626 625)
4(1040 1082 1085 1043)
4(249 1043 1085 263)
4(262 263 1085 1082)
4(1041 1083 1086 1044)
4(1043 1044 1086 1085)
4(1082 1085 1086 1083)
4(1042 1084 1087 1045)
4(1044 1045 1087 1086)
4(1083 1086 1087 1084)
4(1045 613 627 1087)
4(1084 1087 627 626)
4(1043 1085 1088 1046)
4(250 1046 1088 264)
4(263 264 1088 1085)
4(1044 1086 1089 1047)
4(1046 1047 1089 1088)
4(1085 1088 1089 1086)
4(1045 1087 1090 1048)
4(1047 1048 1090 1089)
4(1086 1089 1090 1087)
4(1048 614 628 1090)
4(1087 1090 628 627)
4(1046 1088 1091 1049)
4(251 1049 1091 265)
4(264 265 1091 1088)
4(1047 1089 1092 1050)
4(1049 1050 1092 1091)
4(1088 1091 1092 1089)
4(1048 1090 1093 1051)
4(1050 1051 1093 1092)
4(1089 1092 1093 1090)
4(1051 615 629 1093)
4(1090 1093 629 628)
4(1049 1091 1094 1052)
4(252 1052 1094 266)
4(265 266 1094 1091)
4(1050 1092 1095 1053)
4(1052 1053 1095 1094)
4(1091 1094 1095 1092)
4(1051 1093 1096 1054)
4(1053 1054 1096 1095)
4(1092 1095 1096 1093)
4(1054 616 630 1096)
4(1093 1096 630 629)
4(1052 1094 1097 1055)
4(253 1055 1097 267)
4(266 267 1097 1094)
4(1053 1095 1098 1056)
4(1055 1056 1098 1097)
4(1094 1097 1098 1095)
4(1054 1096 1099 1057)
4(1056 1057 1099 1098)
4(1095 1098 1099 1096)
4(1057 617 631 1099)
4(1096 1099 631 630)
4(1055 1097 1100 1058)
4(254 1058 1100 268)
4(267 268 1100 1097)
4(1056 1098 1101 1059)
4(1058 1059 1101 1100)
4(1097 1100 1101 1098)
4(1057 1099 1102 1060)
4(1059 1060 1102 1101)
4(1098 1101 1102 1099)
4(1060 618 632 1102)
4(1099 1102 632 631)
4(1058 1100 1103 1061)
4(255 1061 1103 269)
4(268 269 1103 1100)
4(1059 1101 1104 1062)
4(1061 1062 1104 1103)
4(1100 1103 1104 1101)
4(1060 1102 1105 1063)
4(1062 1063 1105 1104)
4(1101 1104 1105 1102)
4(1063 619 633 1105)
4(1102 1105 633 632)
4(1061 1103 1106 1064)
4(256 1064 1106 270)
4(269 270 1106 1103)
4(1062 1104 1107 1065)
4(1064 1065 1107 1106)
4(1103 1106 1107 1104)
4(1063 1105 1108 1066)
4(1065 1066 1108 1107)
4(1104 1107 1108 1105)
4(1066 620 634 1108)
4(1105 1108 634 633)
4(1064 1106 1109 1067)
4(257 1067 1109 271)
4(270 271 1109 1106)
4(1065 1107 1110 1068)
4(1067 1068 1110 1109)
4(1106 1109 1110 1107)
4(1066 1108 1111 1069)
4(1068 1069 1111 1110)
4(1107 1110 1111 1108)
4(1069 621 635 1111)
4(1108 1111 635 634)
4(1067 1109 424 427)
4(271 40 424 1109)
4(1068 1110 425 428)
4(1109 424 425 1110)
4(1069 1111 426 429)
4(1110 425 426 1111)
4(1111 426 96 635)
4(355 358 1112 1070)
4(258 1070 1112 272)
4(18 272 1112 358)
4(356 359 1113 1071)
4(1070 1071 1113 1112)
4(358 1112 1113 359)
4(357 360 1114 1072)
4(1071 1072 1114 1113)
4(359 1113 1114 360)
4(1072 622 636 1114)
4(360 1114 636 74)
4(1070 1112 1115 1073)
4(259 1073 1115 273)
4(272 273 1115 1112)
4(1071 1113 1116 1074)
4(1073 1074 1116 1115)
4(1112 1115 1116 1113)
4(1072 1114 1117 1075)
4(1074 1075 1117 1116)
4(1113 1116 1117 1114)
4(1075 623 637 1117)
4(1114 1117 637 636)
4(1073 1115 1118 1076)
4(260 1076 1118 274)
4(273 274 1118 1115)
4(1074 1116 1119 1077)
4(1076 1077 1119 1118)
4(1115 1118 1119 1116)
4(1075 1117 1120 1078)
4(1077 1078 1120 1119)
4(1116 1119 1120 1117)
4(1078 624 638 1120)
4(1117 1120 638 637)
4(1076 1118 1121 1079)
4(261 1079 1121 275)
4(274 275 1121 1118)
4(1077 1119 1122 1080)
4(1079 1080 1122 1121)
4(1118 1121 1122 1119)
4(1078 1120 1123 1081)
4(1080 1081 1123 1122)
4(1119 1122 1123 1120)
4(1081 625 639 1123)
4(1120 1123 639 638)
4(1079 1121 1124 1082)
4(262 1082 1124 276)
4(275 276 1124 1121)
4(1080 1122 1125 1083)
4(1082 1083 1125 1124)
4(1121 1124 1125 1122)
4(1081 1123 1126 1084)
4(1083 1084 1126 1125)
4(1122 1125 1126 1123)
4(1084 626 640 1126)
4(1123 1126 640 639)
4(1082 1124 1127 1085)
4(263 1085 1127 277)
4(276 277 1127 1124)
4(1083 1125 1128 1086)
4(1085 1086 1128 1127)
4(1124 1127 1128 1125)
4(1084 1126 1129 1087)
4(1086 1087 1129 1128)
4(1125 1128 1129 1126)
4(1087 627 641 1129)
4(1126 1129 641 640)
4(1085 1127 1130 1088)
4(264 1088 1130 278)
4(277 278 1130 1127)
4(1086 1128 1131 1089)
4(1088 1089 1131 1130)
4(1127 1130 1131 1128)
4(1087 1129 1132 1090)
4(1089 1090 1132 1131)
4(1128 1131 1132 1129)
4(1090 628 642 1132)
4(1129 1132 642 641)
4(1088 1130 1133 1091)
4(265 1091 1133 279)
4(278 279 1133 1130)
4(1089 1131 1134 1092)
4(1091 1092 1134 1133)
4(1130 1133 1134 1131)
4(1090 1132 1135 1093)
4(1092 1093 1135 1134)
4(1131 1134 1135 1132)
4(1093 629 643 1135)
4(1132 1135 643 642)
4(1091 1133 1136 1094)
4(266 1094 1136 280)
4(279 280 1136 1133)
4(1092 1134 1137 1095)
4(1094 1095 1137 1136)
4(1133 1136 1137 1134)
4(1093 1135 1138 1096)
4(1095 1096 1138 1137)
4(1134 1137 1138 1135)
4(1096 630 644 1138)
4(1135 1138 644 643)
4(1094 1136 1139 1097)
4(267 1097 1139 281)
4(280 281 1139 1136)
4(1095 1137 1140 1098)
4(1097 1098 1140 1139)
4(1136 1139 1140 1137)
4(1096 1138 1141 1099)
4(1098 1099 1141 1140)
4(1137 1140 1141 1138)
4(1099 631 645 1141)
4(1138 1141 645 644)
4(1097 1139 1142 1100)
4(268 1100 1142 282)
4(281 282 1142 1139)
4(1098 1140 1143 1101)
4(1100 1101 1143 1142)
4(1139 1142 1143 1140)
4(1099 1141 1144 1102)
4(1101 1102 1144 1143)
4(1140 1143 1144 1141)
4(1102 632 646 1144)
4(1141 1144 646 645)
4(1100 1142 1145 1103)
4(269 1103 1145 283)
4(282 283 1145 1142)
4(1101 1143 1146 1104)
4(1103 1104 1146 1145)
4(1142 1145 1146 1143)
4(1102 1144 1147 1105)
4(1104 1105 1147 1146)
4(1143 1146 1147 1144)
4(1105 633 647 1147)
4(1144 1147 647 646)
4(1103 1145 1148 1106)
4(270 1106 1148 284)
4(283 284 1148 1145)
4(1104 1146 1149 1107)
4(1106 1107 1149 1148)
4(1145 1148 1149 1146)
4(1105 1147 1150 1108)
4(1107 1108 1150 1149)
4(1146 1149 1150 1147)
4(1108 634 648 1150)
4(1147 1150 648 647)
4(1106 1148 1151 1109)
4(271 1109 1151 285)
4(284 285 1151 1148)
4(1107 1149 1152 1110)
4(1109 1110 1152 1151)
4(1148 1151 1152 1149)
4(1108 1150 1153 1111)
4(1110 1111 1153 1152)
4(1149 1152 1153 1150)
4(1111 635 649 1153)
4(1150 1153 649 648)
4(1109 1151 421 424)
4(285 39 421 1151)
4(1110 1152 422 425)
4(1151 421 422 1152)
4(1111 1153 423 426)
4(1152 422 423 1153)
4(1153 423 95 649)
4(358 361 1154 1112)
4(272 1112 1154 286)
4(19 286 1154 361)
4(359 362 1155 1113)
4(1112 1113 1155 1154)
4(361 1154 1155 362)
4(360 363 1156 1114)
4(1113 1114 1156 1155)
4(362 1155 1156 363)
4(1114 636 650 1156)
4(363 1156 650 75)
4(1112 1154 1157 1115)
4(273 1115 1157 287)
4(286 287 1157 1154)
4(1113 1155 1158 1116)
4(1115 1116 1158 1157)
4(1154 1157 1158 1155)
4(1114 1156 1159 1117)
4(1116 1117 1159 1158)
4(1155 1158 1159 1156)
4(1117 637 651 1159)
4(1156 1159 651 650)
4(1115 1157 1160 1118)
4(274 1118 1160 288)
4(287 288 1160 1157)
4(1116 1158 1161 1119)
4(1118 1119 1161 1160)
4(1157 1160 1161 1158)
4(1117 1159 1162 1120)
4(1119 1120 1162 1161)
4(1158 1161 1162 1159)
4(1120 638 652 1162)
4(1159 1162 652 651)
4(1118 1160 1163 1121)
4(275 1121 1163 289)
4(288 289 1163 1160)
4(1119 1161 1164 1122)
4(1121 1122 1164 1163)
4(1160 1163 1164 1161)
4(1120 1162 1165 1123)
4(1122 1123 1165 1164)
4(1161 1164 1165 1162)
4(1123 639 653 1165)
4(1162 1165 653 652)
4(1121 1163 1166 1124)
4(276 1124 1166 290)
4(289 290 1166 1163)
4(1122 1164 1167 1125)
4(1124 1125 1167 1166)
4(1163 1166 1167 1164)
4(1123 1165 1168 1126)
4(1125 1126 1168 1167)
4(1164 1167 1168 1165)
4(1126 640 654 1168)
4(1165 1168 654 653)
4(1124 1166 1169 1127)
4(277 1127 1169 291)
4(290 291 1169 1166)
4(1125 1167 1170 1128)
4(1127 1128 1170 1169)
4(1166 1169 1170 1167)
4(1126 1168 1171 1129)
4(1128 1129 1171 1170)
4(1167 1170 1171 1168)
4(1129 641 655 1171)
4(1168 1171 655 654)
4(1127 1169 1172 1130)
4(278 1130 1172 292)
4(291 292 1172 1169)
4(1128 1170 1173 1131)
4(1130 1131 1173 1172)
4(1169 1172 1173 1170)
4(1129 1171 1174 1132)
4(1131 1132 1174 1173)
4(1170 1173 1174 1171)
4(1132 642 656 1174)
4(1171 1174 656 655)
4(1130 1172 1175 1133)
4(279 1133 1175 293)
4(292 293 1175 1172)
4(1131 1173 1176 1134)
4(1133 1134 1176 1175)
4(1172 1175 1176 1173)
4(1132 1174 1177 1135)
4(1134 1135 1177 1176)
4(1173 1176 1177 1174)
4(1135 643 657 1177)
4(1174 1177 657 656)
4(1133 1175 1178 1136)
4(280 1136 1178 294)
4(293 294 1178 1175)
4(1134 1176 1179 1137)
4(1136 1137 1179 1178)
4(1175 1178 1179 1176)
4(1135 1177 1180 1138)
4(1137 1138 1180 1179)
4(1176 1179 1180 1177)
4(1138 644 658 1180)
4(1177 1180 658 657)
4(1136 1178 1181 1139)
4(281 1139 1181 295)
4(294 295 1181 1178)
4(1137 1179 1182 1140)
4(1139 1140 1182 1181)
4(1178 1181 1182 1179)
4(1138 1180 1183 1141)
4(1140 1141 1183 1182)
4(1179 1182 1183 1180)
4(1141 645 659 1183)
4(1180 1183 659 658)
4(1139 1181 1184 1142)
4(282 1142 1184 296)
4(295 296 1184 1181)
4(1140 1182 1185 1143)
4(1142 1143 1185 1184)
4(1181 1184 1185 1182)
4(1141 1183 1186 1144)
4(1143 1144 1186 1185)
4(1182 1185 1186 1183)
4(1144 646 660 1186)
4(1183 1186 660 659)
4(1142 1184 1187 1145)
4(283 1145 1187 297)
4(296 297 1187 1184)
4(1143 1185 1188 1146)
4(1145 1146 1188 1187)
4(1184 1187 1188 1185)
4(1144 1186 1189 1147)
4(1146 1147 1189 1188)
4(1185 1188 1189 1186)
4(1147 647 661 1189)
4(1186 1189 661 660)
4(1145 1187 1190 1148)
4(284 1148 1190 298)
4(297 298 1190 1187)
4(1146 1188 1191 1149)
4(1148 1149 1191 1190)
4(1187 1190 1191 1188)
4(1147 1189 1192 1150)
4(1149 1150 1192 1191)
4(1188 1191 1192 1189)
4(1150 648 662 1192)
4(1189 1192 662 661)
4(1148 1190 1193 1151)
4(285 1151 1193 299)
4(298 299 1193 1190)
4(1149 1191 1194 1152)
4(1151 1152 1194 1193)
4(1190 1193 1194 1191)
4(1150 1192 1195 1153)
4(1152 1153 1195 1194)
4(1191 1194 1195 1192)
4(1153 649 663 1195)
4(1192 1195 663 662)
4(1151 1193 418 421)
4(299 38 418 1193)
4(1152 1194 419 422)
4(1193 418 419 1194)
4(1153 1195 420 423)
4(1194 419 420 1195)
4(1195 420 94 663)
4(361 364 1196 1154)
4(286 1154 1196 300)
4(20 300 1196 364)
4(362 365 1197 1155)
4(1154 1155 1197 1196)
4(364 1196 1197 365)
4(363 366 1198 1156)
4(1155 1156 1198 1197)
4(365 1197 1198 366)
4(1156 650 664 1198)
4(366 1198 664 76)
4(1154 1196 1199 1157)
4(287 1157 1199 301)
4(300 301 1199 1196)
4(1155 1197 1200 1158)
4(1157 1158 1200 1199)
4(1196 1199 1200 1197)
4(1156 1198 1201 1159)
4(1158 1159 1201 1200)
4(1197 1200 1201 1198)
4(1159 651 665 1201)
4(1198 1201 665 664)
4(1157 1199 1202 1160)
4(288 1160 1202 302)
4(301 302 1202 1199)
4(1158 1200 1203 1161)
4(1160 1161 1203 1202)
4(1199 1202 1203 1200)
4(1159 1201 1204 1162)
4(1161 1162 1204 1203)
4(1200 1203 1204 1201)
4(1162 652 666 1204)
4(1201 1204 666 665)
4(1160 1202 1205 1163)
4(289 1163 1205 303)
4(302 303 1205 1202)
4(1161 1203 1206 1164)
4(1163 1164 1206 1205)
4(1202 1205 1206 1203)
4(1162 1204 1207 1165)
4(1164 1165 1207 1206)
4(1203 1206 1207 1204)
4(1165 653 667 1207)
4(1204 1207 667 666)
4(1163 1205 1208 1166)
4(290 1166 1208 304)
4(303 304 1208 1205)
4(1164 1206 1209 1167)
4(1166 1167 1209 1208)
4(1205 1208 1209 1206)
4(1165 1207 1210 1168)
4(1167 1168 1210 1209)
4(1206 1209 1210 1207)
4(1168 654 668 1210)
4(1207 1210 668 667)
4(1166 1208 1211 1169)
4(291 1169 1211 305)
4(304 305 1211 1208)
4(1167 1209 1212 1170)
4(1169 1170 1212 1211)
4(1208 1211 1212 1209)
4(1168 1210 1213 1171)
4(1170 1171 1213 1212)
4(1209 1212 1213 1210)
4(1171 655 669 1213)
4(1210 1213 669 668)
4(1169 1211 1214 1172)
4(292 1172 1214 306)
4(305 306 1214 1211)
4(1170 1212 1215 1173)
4(1172 1173 1215 1214)
4(1211 1214 1215 1212)
4(1171 1213 1216 1174)
4(1173 1174 1216 1215)
4(1212 1215 1216 1213)
4(1174 656 670 1216)
4(1213 1216 670 669)
4(1172 1214 1217 1175)
4(293 1175 1217 307)
4(306 307 1217 1214)
4(1173 1215 1218 1176)
4(1175 1176 1218 1217)
4(1214 1217 1218 1215)
4(1174 1216 1219 1177)
4(1176 1177 1219 1218)
4(1215 1218 1219 1216)
4(1177 657 671 1219)
4(1216 1219 671 670)
4(1175 1217 1220 1178)
4(294 1178 1220 308)
4(307 308 1220 1217)
4(1176 1218 1221 1179)
4(1178 1179 1221 1220)
4(1217 1220 1221 1218)
4(1177 1219 1222 1180)
4(1179 1180 1222 1221)
4(1218 1221 1222 1219)
4(1180 658 672 1222)
4(1219 1222 672 671)
4(1178 1220 1223 1181)
4(295 1181 1223 309)
4(308 309 1223 1220)
4(1179 1221 1224 1182)
4(1181 1182 1224 1223)
4(1220 1223 1224 1221)
4(1180 1222 1225 1183)
4(1182 1183 1225 1224)
4(1221 1224 1225 1222)
4(1183 659 673 1225)
4(1222 1225 673 672)
4(1181 1223 1226 1184)
4(296 1184 1226 310)
4(309 310 1226 1223)
4(1182 1224 1227 1185)
4(1184 1185 1227 1226)
4(1223 1226 1227 1224)
4(1183 1225 1228 1186)
4(1185 1186 1228 1227)
4(1224 1227 1228 1225)
4(1186 660 674 1228)
4(1225 1228 674 673)
4(1184 1226 1229 1187)
4(297 1187 1229 311)
4(310 311 1229 1226)
4(1185 1227 1230 1188)
4(1187 1188 1230 1229)
4(1226 1229 1230 1227)
4(1186 1228 1231 1189)
4(1188 1189 1231 1230)
4(1227 1230 1231 1228)
4(1189 661 675 1231)
4(1228 1231 675 674)
4(1187 1229 1232 1190)
4(298 1190 1232 312)
4(311 312 1232 1229)
4(1188 1230 1233 1191)
4(1190 1191 1233 1232)
4(1229 1232 1233 1230)
4(1189 1231 1234 1192)
4(1191 1192 1234 1233)
4(1230 1233 1234 1231)
4(1192 662 676 1234)
4(1231 1234 676 675)
4(1190 1232 1235 1193)
4(299 1193 1235 313)
4(312 313 1235 1232)
4(1191 1233 1236 1194)
4(1193 1194 1236 1235)
4(1232 1235 1236 1233)
4(1192 1234 1237 1195)
4(1194 1195 1237 1236)
4(1233 1236 1237 1234)
4(1195 663 677 1237)
4(1234 1237 677 676)
4(1193 1235 415 418)
4(313 37 415 1235)
4(1194 1236 416 419)
4(1235 415 416 1236)
4(1195 1237 417 420)
4(1236 416 417 1237)
4(1237 417 93 677)
4(364 367 1238 1196)
4(300 1196 1238 314)
4(21 314 1238 367)
4(365 368 1239 1197)
4(1196 1197 1239 1238)
4(367 1238 1239 368)
4(366 369 1240 1198)
4(1197 1198 1240 1239)
4(368 1239 1240 369)
4(1198 664 678 1240)
4(369 1240 678 77)
4(1196 1238 1241 1199)
4(301 1199 1241 315)
4(314 315 1241 1238)
4(1197 1239 1242 1200)
4(1199 1200 1242 1241)
4(1238 1241 1242 1239)
4(1198 1240 1243 1201)
4(1200 1201 1243 1242)
4(1239 1242 1243 1240)
4(1201 665 679 1243)
4(1240 1243 679 678)
4(1199 1241 1244 1202)
4(302 1202 1244 316)
4(315 316 1244 1241)
4(1200 1242 1245 1203)
4(1202 1203 1245 1244)
4(1241 1244 1245 1242)
4(1201 1243 1246 1204)
4(1203 1204 1246 1245)
4(1242 1245 1246 1243)
4(1204 666 680 1246)
4(1243 1246 680 679)
4(1202 1244 1247 1205)
4(303 1205 1247 317)
4(316 317 1247 1244)
4(1203 1245 1248 1206)
4(1205 1206 1248 1247)
4(1244 1247 1248 1245)
4(1204 1246 1249 1207)
4(1206 1207 1249 1248)
4(1245 1248 1249 1246)
4(1207 667 681 1249)
4(1246 1249 681 680)
4(1205 1247 1250 1208)
4(304 1208 1250 318)
4(317 318 1250 1247)
4(1206 1248 1251 1209)
4(1208 1209 1251 1250)
4(1247 1250 1251 1248)
4(1207 1249 1252 1210)
4(1209 1210 1252 1251)
4(1248 1251 1252 1249)
4(1210 668 682 1252)
4(1249 1252 682 681)
4(1208 1250 1253 1211)
4(305 1211 1253 319)
4(318 319 1253 1250)
4(1209 1251 1254 1212)
4(1211 1212 1254 1253)
4(1250 1253 1254 1251)
4(1210 1252 1255 1213)
4(1212 1213 1255 1254)
4(1251 1254 1255 1252)
4(1213 669 683 1255)
4(1252 1255 683 682)
4(1211 1253 1256 1214)
4(306 1214 1256 320)
4(319 320 1256 1253)
4(1212 1254 1257 1215)
4(1214 1215 1257 1256)
4(1253 1256 1257 1254)
4(1213 1255 1258 1216)
4(1215 1216 1258 1257)
4(1254 1257 1258 1255)
4(1216 670 684 1258)
4(1255 1258 684 683)
4(1214 1256 1259 1217)
4(307 1217 1259 321)
4(320 321 1259 1256)
4(1215 1257 1260 1218)
4(1217 1218 1260 1259)
4(1256 1259 1260 1257)
4(1216 1258 1261 1219)
4(1218 1219 1261 1260)
4(1257 1260 1261 1258)
4(1219 671 685 1261)
4(1258 1261 685 684)
4(1217 1259 1262 1220)
4(308 1220 1262 322)
4(321 322 1262 1259)
4(1218 1260 1263 1221)
4(1220 1221 1263 1262)
4(1259 1262 1263 1260)
4(1219 1261 1264 1222)
4(1221 1222 1264 1263)
4(1260 1263 1264 1261)
4(1222 672 686 1264)
4(1261 1264 686 685)
4(1220 1262 1265 1223)
4(309 1223 1265 323)
4(322 323 1265 1262)
4(1221 1263 1266 1224)
4(1223 1224 1266 1265)
4(1262 1265 1266 1263)
4(1222 1264 1267 1225)
4(1224 1225 1267 1266)
4(1263 1266 1267 1264)
4(1225 673 687 1267)
4(1264 1267 687 686)
4(1223 1265 1268 1226)
4(310 1226 1268 324)
4(323 324 1268 1265)
4(1224 1266 1269 1227)
4(1226 1227 1269 1268)
4(1265 1268 1269 1266)
4(1225 1267 1270 1228)
4(1227 1228 1270 1269)
4(1266 1269 1270 1267)
4(1228 674 688 1270)
4(1267 1270 688 687)
4(1226 1268 1271 1229)
4(311 1229 1271 325)
4(324 325 1271 1268)
4(1227 1269 1272 1230)
4(1229 1230 1272 1271)
4(1268 1271 1272 1269)
4(1228 1270 1273 1231)
4(1230 1231 1273 1272)
4(1269 1272 1273 1270)
4(1231 675 689 1273)
4(1270 1273 689 688)
4(1229 1271 1274 1232)
4(312 1232 1274 326)
4(325 326 1274 1271)
4(1230 1272 1275 1233)
4(1232 1233 1275 1274)
4(1271 1274 1275 1272)
4(1231 1273 1276 1234)
4(1233 1234 1276 1275)
4(1272 1275 1276 1273)
4(1234 676 690 1276)
4(1273 1276 690 689)
4(1232 1274 1277 1235)
4(313 1235 1277 327)
4(326 327 1277 1274)
4(1233 1275 1278 1236)
4(1235 1236 1278 1277)
4(1274 1277 1278 1275)
4(1234 1276 1279 1237)
4(1236 1237 1279 1278)
4(1275 1278 1279 1276)
4(1237 677 691 1279)
4(1276 1279 691 690)
4(1235 1277 412 415)
4(327 36 412 1277)
4(1236 1278 413 416)
4(1277 412 413 1278)
4(1237 1279 414 417)
4(1278 413 414 1279)
4(1279 414 92 691)
4(367 123 370 1238)
4(314 1238 370 22)
4(368 124 371 1239)
4(1238 1239 371 370)
4(369 125 372 1240)
4(1239 1240 372 371)
4(1240 678 78 372)
4(1238 370 373 1241)
4(315 1241 373 23)
4(1239 371 374 1242)
4(1241 1242 374 373)
4(1240 372 375 1243)
4(1242 1243 375 374)
4(1243 679 79 375)
4(1241 373 376 1244)
4(316 1244 376 24)
4(1242 374 377 1245)
4(1244 1245 377 376)
4(1243 375 378 1246)
4(1245 1246 378 377)
4(1246 680 80 378)
4(1244 376 379 1247)
4(317 1247 379 25)
4(1245 377 380 1248)
4(1247 1248 380 379)
4(1246 378 381 1249)
4(1248 1249 381 380)
4(1249 681 81 381)
4(1247 379 382 1250)
4(318 1250 382 26)
4(1248 380 383 1251)
4(1250 1251 383 382)
4(1249 381 384 1252)
4(1251 1252 384 383)
4(1252 682 82 384)
4(1250 382 385 1253)
4(319 1253 385 27)
4(1251 383 386 1254)
4(1253 1254 386 385)
4(1252 384 387 1255)
4(1254 1255 387 386)
4(1255 683 83 387)
4(1253 385 388 1256)
4(320 1256 388 28)
4(1254 386 389 1257)
4(1256 1257 389 388)
4(1255 387 390 1258)
4(1257 1258 390 389)
4(1258 684 84 390)
4(1256 388 391 1259)
4(321 1259 391 29)
4(1257 389 392 1260)
4(1259 1260 392 391)
4(1258 390 393 1261)
4(1260 1261 393 392)
4(1261 685 85 393)
4(1259 391 394 1262)
4(322 1262 394 30)
4(1260 392 395 1263)
4(1262 1263 395 394)
4(1261 393 396 1264)
4(1263 1264 396 395)
4(1264 686 86 396)
4(1262 394 397 1265)
4(323 1265 397 31)
4(1263 395 398 1266)
4(1265 1266 398 397)
4(1264 396 399 1267)
4(1266 1267 399 398)
4(1267 687 87 399)
4(1265 397 400 1268)
4(324 1268 400 32)
4(1266 398 401 1269)
4(1268 1269 401 400)
4(1267 399 402 1270)
4(1269 1270 402 401)
4(1270 688 88 402)
4(1268 400 403 1271)
4(325 1271 403 33)
4(1269 401 404 1272)
4(1271 1272 404 403)
4(1270 402 405 1273)
4(1272 1273 405 404)
4(1273 689 89 405)
4(1271 403 406 1274)
4(326 1274 406 34)
4(1272 404 407 1275)
4(1274 1275 407 406)
4(1273 405 408 1276)
4(1275 1276 408 407)
4(1276 690 90 408)
4(1274 406 409 1277)
4(327 1277 409 35)
4(1275 407 410 1278)
4(1277 1278 410 409)
4(1276 408 411 1279)
4(1278 1279 411 410)
4(1279 691 91 411)
4(1277 409 126 412)
4(1278 410 127 413)
4(1279 411 128 414)
4(1 120 493 63)
4(1 8 328 120)
4(1 63 132 8)
4(120 121 494 493)
4(120 328 329 121)
4(121 122 495 494)
4(121 329 330 122)
4(122 4 119 495)
4(122 330 64 4)
4(4 64 496 119)
4(63 493 490 62)
4(63 62 133 132)
4(493 494 491 490)
4(494 495 492 491)
4(495 119 118 492)
4(119 496 497 118)
4(62 490 487 61)
4(62 61 134 133)
4(490 491 488 487)
4(491 492 489 488)
4(492 118 117 489)
4(118 497 498 117)
4(61 487 484 60)
4(61 60 135 134)
4(487 488 485 484)
4(488 489 486 485)
4(489 117 116 486)
4(117 498 499 116)
4(60 484 481 59)
4(60 59 136 135)
4(484 485 482 481)
4(485 486 483 482)
4(486 116 115 483)
4(116 499 500 115)
4(59 481 478 58)
4(59 58 137 136)
4(481 482 479 478)
4(482 483 480 479)
4(483 115 114 480)
4(115 500 501 114)
4(58 478 475 57)
4(58 57 138 137)
4(478 479 476 475)
4(479 480 477 476)
4(480 114 113 477)
4(114 501 502 113)
4(57 475 472 56)
4(57 56 139 138)
4(475 476 473 472)
4(476 477 474 473)
4(477 113 112 474)
4(113 502 503 112)
4(56 472 469 55)
4(56 55 140 139)
4(472 473 470 469)
4(473 474 471 470)
4(474 112 111 471)
4(112 503 504 111)
4(55 469 466 54)
4(55 54 141 140)
4(469 470 467 466)
4(470 471 468 467)
4(471 111 110 468)
4(111 504 505 110)
4(54 466 463 53)
4(54 53 142 141)
4(466 467 464 463)
4(467 468 465 464)
4(468 110 109 465)
4(110 505 506 109)
4(53 463 460 52)
4(53 52 143 142)
4(463 464 461 460)
4(464 465 462 461)
4(465 109 108 462)
4(109 506 507 108)
4(52 460 457 51)
4(52 51 144 143)
4(460 461 458 457)
4(461 462 459 458)
4(462 108 107 459)
4(108 507 508 107)
4(51 457 454 50)
4(51 50 145 144)
4(457 458 455 454)
4(458 459 456 455)
4(459 107 106 456)
4(107 508 509 106)
4(50 454 129 3)
4(3 129 451 49)
4(50 3 49 145)
4(454 455 130 129)
4(129 130 452 451)
4(455 456 131 130)
4(130 131 453 452)
4(456 106 7 131)
4(131 7 105 453)
4(106 509 105 7)
4(8 9 331 328)
4(8 132 146 9)
4(328 331 332 329)
4(329 332 333 330)
4(330 333 65 64)
4(64 65 510 496)
4(132 133 147 146)
4(496 510 511 497)
4(133 134 148 147)
4(497 511 512 498)
4(134 135 149 148)
4(498 512 513 499)
4(135 136 150 149)
4(499 513 514 500)
4(136 137 151 150)
4(500 514 515 501)
4(137 138 152 151)
4(501 515 516 502)
4(138 139 153 152)
4(502 516 517 503)
4(139 140 154 153)
4(503 517 518 504)
4(140 141 155 154)
4(504 518 519 505)
4(141 142 156 155)
4(505 519 520 506)
4(142 143 157 156)
4(506 520 521 507)
4(143 144 158 157)
4(507 521 522 508)
4(144 145 159 158)
4(508 522 523 509)
4(49 451 448 48)
4(145 49 48 159)
4(451 452 449 448)
4(452 453 450 449)
4(453 105 104 450)
4(509 523 104 105)
4(9 10 334 331)
4(9 146 160 10)
4(331 334 335 332)
4(332 335 336 333)
4(333 336 66 65)
4(65 66 524 510)
4(146 147 161 160)
4(510 524 525 511)
4(147 148 162 161)
4(511 525 526 512)
4(148 149 163 162)
4(512 526 527 513)
4(149 150 164 163)
4(513 527 528 514)
4(150 151 165 164)
4(514 528 529 515)
4(151 152 166 165)
4(515 529 530 516)
4(152 153 167 166)
4(516 530 531 517)
4(153 154 168 167)
4(517 531 532 518)
4(154 155 169 168)
4(518 532 533 519)
4(155 156 170 169)
4(519 533 534 520)
4(156 157 171 170)
4(520 534 535 521)
4(157 158 172 171)
4(521 535 536 522)
4(158 159 173 172)
4(522 536 537 523)
4(48 448 445 47)
4(159 48 47 173)
4(448 449 446 445)
4(449 450 447 446)
4(450 104 103 447)
4(523 537 103 104)
4(10 11 337 334)
4(10 160 174 11)
4(334 337 338 335)
4(335 338 339 336)
4(336 339 67 66)
4(66 67 538 524)
4(160 161 175 174)
4(524 538 539 525)
4(161 162 176 175)
4(525 539 540 526)
4(162 163 177 176)
4(526 540 541 527)
4(163 164 178 177)
4(527 541 542 528)
4(164 165 179 178)
4(528 542 543 529)
4(165 166 180 179)
4(529 543 544 530)
4(166 167 181 180)
4(530 544 545 531)
4(167 168 182 181)
4(531 545 546 532)
4(168 169 183 182)
4(532 546 547 533)
4(169 170 184 183)
4(533 547 548 534)
4(170 171 185 184)
4(534 548 549 535)
4(171 172 186 185)
4(535 549 550 536)
4(172 173 187 186)
4(536 550 551 537)
4(47 445 442 46)
4(173 47 46 187)
4(445 446 443 442)
4(446 447 444 443)
4(447 103 102 444)
4(537 551 102 103)
4(11 12 340 337)
4(11 174 188 12)
4(337 340 341 338)
4(338 341 342 339)
4(339 342 68 67)
4(67 68 552 538)
4(174 175 189 188)
4(538 552 553 539)
4(175 176 190 189)
4(539 553 554 540)
4(176 177 191 190)
4(540 554 555 541)
4(177 178 192 191)
4(541 555 556 542)
4(178 179 193 192)
4(542 556 557 543)
4(179 180 194 193)
4(543 557 558 544)
4(180 181 195 194)
4(544 558 559 545)
4(181 182 196 195)
4(545 559 560 546)
4(182 183 197 196)
4(546 560 561 547)
4(183 184 198 197)
4(547 561 562 548)
4(184 185 199 198)
4(548 562 563 549)
4(185 186 200 199)
4(549 563 564 550)
4(186 187 201 200)
4(550 564 565 551)
4(46 442 439 45)
4(187 46 45 201)
4(442 443 440 439)
4(443 444 441 440)
4(444 102 101 441)
4(551 565 101 102)
4(12 13 343 340)
4(12 188 202 13)
4(340 343 344 341)
4(341 344 345 342)
4(342 345 69 68)
4(68 69 566 552)
4(188 189 203 202)
4(552 566 567 553)
4(189 190 204 203)
4(553 567 568 554)
4(190 191 205 204)
4(554 568 569 555)
4(191 192 206 205)
4(555 569 570 556)
4(192 193 207 206)
4(556 570 571 557)
4(193 194 208 207)
4(557 571 572 558)
4(194 195 209 208)
4(558 572 573 559)
4(195 196 210 209)
4(559 573 574 560)
4(196 197 211 210)
4(560 574 575 561)
4(197 198 212 211)
4(561 575 576 562)
4(198 199 213 212)
4(562 576 577 563)
4(199 200 214 213)
4(563 577 578 564)
4(200 201 215 214)
4(564 578 579 565)
4(45 439 436 44)
4(201 45 44 215)
4(439 440 437 436)
4(440 441 438 437)
4(441 101 100 438)
4(565 579 100 101)
4(13 14 346 343)
4(13 202 216 14)
4(343 346 347 344)
4(344 347 348 345)
4(345 348 70 69)
4(69 70 580 566)
4(202 203 217 216)
4(566 580 581 567)
4(203 204 218 217)
4(567 581 582 568)
4(204 205 219 218)
4(568 582 583 569)
4(205 206 220 219)
4(569 583 584 570)
4(206 207 221 220)
4(570 584 585 571)
4(207 208 222 221)
4(571 585 586 572)
4(208 209 223 222)
4(572 586 587 573)
4(209 210 224 223)
4(573 587 588 574)
4(210 211 225 224)
4(574 588 589 575)
4(211 212 226 225)
4(575 589 590 576)
4(212 213 227 226)
4(576 590 591 577)
4(213 214 228 227)
4(577 591 592 578)
4(214 215 229 228)
4(578 592 593 579)
4(44 436 433 43)
4(215 44 43 229)
4(436 437 434 433)
4(437 438 435 434)
4(438 100 99 435)
4(579 593 99 100)
4(14 15 349 346)
4(14 216 230 15)
4(346 349 350 347)
4(347 350 351 348)
4(348 351 71 70)
4(70 71 594 580)
4(216 217 231 230)
4(580 594 595 581)
4(217 218 232 231)
4(581 595 596 582)
4(218 219 233 232)
4(582 596 597 583)
4(219 220 234 233)
4(583 597 598 584)
4(220 221 235 234)
4(584 598 599 585)
4(221 222 236 235)
4(585 599 600 586)
4(222 223 237 236)
4(586 600 601 587)
4(223 224 238 237)
4(587 601 602 588)
4(224 225 239 238)
4(588 602 603 589)
4(225 226 240 239)
4(589 603 604 590)
4(226 227 241 240)
4(590 604 605 591)
4(227 228 242 241)
4(591 605 606 592)
4(228 229 243 242)
4(592 606 607 593)
4(43 433 430 42)
4(229 43 42 243)
4(433 434 431 430)
4(434 435 432 431)
4(435 99 98 432)
4(593 607 98 99)
4(15 16 352 349)
4(15 230 244 16)
4(349 352 353 350)
4(350 353 354 351)
4(351 354 72 71)
4(71 72 608 594)
4(230 231 245 244)
4(594 608 609 595)
4(231 232 246 245)
4(595 609 610 596)
4(232 233 247 246)
4(596 610 611 597)
4(233 234 248 247)
4(597 611 612 598)
4(234 235 249 248)
4(598 612 613 599)
4(235 236 250 249)
4(599 613 614 600)
4(236 237 251 250)
4(600 614 615 601)
4(237 238 252 251)
4(601 615 616 602)
4(238 239 253 252)
4(602 616 617 603)
4(239 240 254 253)
4(603 617 618 604)
4(240 241 255 254)
4(604 618 619 605)
4(241 242 256 255)
4(605 619 620 606)
4(242 243 257 256)
4(606 620 621 607)
4(42 430 427 41)
4(243 42 41 257)
4(430 431 428 427)
4(431 432 429 428)
4(432 98 97 429)
4(607 621 97 98)
4(16 17 355 352)
4(16 244 258 17)
4(352 355 356 353)
4(353 356 357 354)
4(354 357 73 72)
4(72 73 622 608)
4(244 245 259 258)
4(608 622 623 609)
4(245 246 260 259)
4(609 623 624 610)
4(246 247 261 260)
4(610 624 625 611)
4(247 248 262 261)
4(611 625 626 612)
4(248 249 263 262)
4(612 626 627 613)
4(249 250 264 263)
4(613 627 628 614)
4(250 251 265 264)
4(614 628 629 615)
4(251 252 266 265)
4(615 629 630 616)
4(252 253 267 266)
4(616 630 631 617)
4(253 254 268 267)
4(617 631 632 618)
4(254 255 269 268)
4(618 632 633 619)
4(255 256 270 269)
4(619 633 634 620)
4(256 257 271 270)
4(620 634 635 621)
4(41 427 424 40)
4(257 41 40 271)
4(427 428 425 424)
4(428 429 426 425)
4(429 97 96 426)
4(621 635 96 97)
4(17 18 358 355)
4(17 258 272 18)
4(355 358 359 356)
4(356 359 360 357)
4(357 360 74 73)
4(73 74 636 622)
4(258 259 273 272)
4(622 636 637 623)
4(259 260 274 273)
4(623 637 638 624)
4(260 261 275 274)
4(624 638 639 625)
4(261 262 276 275)
4(625 639 640 626)
4(262 263 277 276)
4(626 640 641 627)
4(263 264 278 277)
4(627 641 642 628)
4(264 265 279 278)
4(628 642 643 629)
4(265 266 280 279)
4(629 643 644 630)
4(266 267 281 280)
4(630 644 645 631)
4(267 268 282 281)
4(631 645 646 632)
4(268 269 283 282)
4(632 646 647 633)
4(269 270 284 283)
4(633 647 648 634)
4(270 271 285 284)
4(634 648 649 635)
4(40 424 421 39)
4(271 40 39 285)
4(424 425 422 421)
4(425 426 423 422)
4(426 96 95 423)
4(635 649 95 96)
4(18 19 361 358)
4(18 272 286 19)
4(358 361 362 359)
4(359 362 363 360)
4(360 363 75 74)
4(74 75 650 636)
4(272 273 287 286)
4(636 650 651 637)
4(273 274 288 287)
4(637 651 652 638)
4(274 275 289 288)
4(638 652 653 639)
4(275 276 290 289)
4(639 653 654 640)
4(276 277 291 290)
4(640 654 655 641)
4(277 278 292 291)
4(641 655 656 642)
4(278 279 293 292)
4(642 656 657 643)
4(279 280 294 293)
4(643 657 658 644)
4(280 281 295 294)
4(644 658 659 645)
4(281 282 296 295)
4(645 659 660 646)
4(282 283 297 296)
4(646 660 661 647)
4(283 284 298 297)
4(647 661 662 648)
4(284 285 299 298)
4(648 662 663 649)
4(39 421 418 38)
4(285 39 38 299)
4(421 422 419 418)
4(422 423 420 419)
4(423 95 94 420)
4(649 663 94 95)
4(19 20 364 361)
4(19 286 300 20)
4(361 364 365 362)
4(362 365 366 363)
4(363 366 76 75)
4(75 76 664 650)
4(286 287 301 300)
4(650 664 665 651)
4(287 288 302 301)
4(651 665 666 652)
4(288 289 303 302)
4(652 666 667 653)
4(289 290 304 303)
4(653 667 668 654)
4(290 291 305 304)
4(654 668 669 655)
4(291 292 306 305)
4(655 669 670 656)
4(292 293 307 306)
4(656 670 671 657)
4(293 294 308 307)
4(657 671 672 658)
4(294 295 309 308)
4(658 672 673 659)
4(295 296 310 309)
4(659 673 674 660)
4(296 297 311 310)
4(660 674 675 661)
4(297 298 312 311)
4(661 675 676 662)
4(298 299 313 312)
4(662 676 677 663)
4(38 418 415 37)
4(299 38 37 313)
4(418 419 416 415)
4(419 420 417 416)
4(420 94 93 417)
4(663 677 93 94)
4(20 21 367 364)
4(20 300 314 21)
4(364 367 368 365)
4(365 368 369 366)
4(366 369 77 76)
4(76 77 678 664)
4(300 301 315 314)
4(664 678 679 665)
4(301 302 316 315)
4(665 679 680 666)
4(302 303 317 316)
4(666 680 681 667)
4(303 304 318 317)
4(667 681 682 668)
4(304 305 319 318)
4(668 682 683 669)
4(305 306 320 319)
4(669 683 684 670)
4(306 307 321 320)
4(670 684 685 671)
4(307 308 322 321)
4(671 685 686 672)
4(308 309 323 322)
4(672 686 687 673)
4(309 310 324 323)
4(673 687 688 674)
4(310 311 325 324)
4(674 688 689 675)
4(311 312 326 325)
4(675 689 690 676)
4(312 313 327 326)
4(676 690 691 677)
4(37 415 412 36)
4(313 37 36 327)
4(415 416 413 412)
4(416 417 414 413)
4(417 93 92 414)
4(677 691 92 93)
4(0 22 370 123)
4(21 0 123 367)
4(21 314 22 0)
4(123 370 371 124)
4(367 123 124 368)
4(124 371 372 125)
4(368 124 125 369)
4(125 372 78 5)
4(369 125 5 77)
4(77 5 78 678)
4(22 23 373 370)
4(314 315 23 22)
4(370 373 374 371)
4(371 374 375 372)
4(372 375 79 78)
4(678 78 79 679)
4(23 24 376 373)
4(315 316 24 23)
4(373 376 377 374)
4(374 377 378 375)
4(375 378 80 79)
4(679 79 80 680)
4(24 25 379 376)
4(316 317 25 24)
4(376 379 380 377)
4(377 380 381 378)
4(378 381 81 80)
4(680 80 81 681)
4(25 26 382 379)
4(317 318 26 25)
4(379 382 383 380)
4(380 383 384 381)
4(381 384 82 81)
4(681 81 82 682)
4(26 27 385 382)
4(318 319 27 26)
4(382 385 386 383)
4(383 386 387 384)
4(384 387 83 82)
4(682 82 83 683)
4(27 28 388 385)
4(319 320 28 27)
4(385 388 389 386)
4(386 389 390 387)
4(387 390 84 83)
4(683 83 84 684)
4(28 29 391 388)
4(320 321 29 28)
4(388 391 392 389)
4(389 392 393 390)
4(390 393 85 84)
4(684 84 85 685)
4(29 30 394 391)
4(321 322 30 29)
4(391 394 395 392)
4(392 395 396 393)
4(393 396 86 85)
4(685 85 86 686)
4(30 31 397 394)
4(322 323 31 30)
4(394 397 398 395)
4(395 398 399 396)
4(396 399 87 86)
4(686 86 87 687)
4(31 32 400 397)
4(323 324 32 31)
4(397 400 401 398)
4(398 401 402 399)
4(399 402 88 87)
4(687 87 88 688)
4(32 33 403 400)
4(324 325 33 32)
4(400 403 404 401)
4(401 404 405 402)
4(402 405 89 88)
4(688 88 89 689)
4(33 34 406 403)
4(325 326 34 33)
4(403 406 407 404)
4(404 407 408 405)
4(405 408 90 89)
4(689 89 90 690)
4(34 35 409 406)
4(326 327 35 34)
4(406 409 410 407)
4(407 410 411 408)
4(408 411 91 90)
4(690 90 91 691)
4(35 2 126 409)
4(36 412 126 2)
4(327 36 2 35)
4(409 126 127 410)
4(412 413 127 126)
4(410 127 128 411)
4(413 414 128 127)
4(411 128 6 91)
4(414 92 6 128)
4(691 91 6 92)
)


// ************************************************************************* //
