/*--------------------------------*- C++ -*----------------------------------*\
| =========                 |                                                 |
| \\      /  F ield         | OpenFOAM: The Open Source CFD Toolbox           |
|  \\    /   O peration     | Version:  v1906                                 |
|   \\  /    A nd           | Web:      www.OpenFOAM.com                      |
|    \\/     M anipulation  |                                                 |
\*---------------------------------------------------------------------------*/
FoamFile
{
    version     2.0;
    format      ascii;
    class       vectorField;
    location    "constant/polyMesh";
    object      points;
}
// * * * * * * * * * * * * * * * * * * * * * * * * * * * * * * * * * * * * * //


1280
(
(0.0375 -0.00075 0.0375)
(-0.0375 -0.00075 0.0375)
(0.0375 -0.00075 -0.0375)
(-0.0375 -0.00075 -0.0375)
(-0.0375 0.00075 0.0375)
(0.0375 0.00075 0.0375)
(0.0375 0.00075 -0.0375)
(-0.0375 0.00075 -0.0375)
(-0.0325 -0.00075 0.0375)
(-0.0275 -0.00075 0.0375)
(-0.0225 -0.00075 0.0375)
(-0.0175000000001 -0.00075 0.0375)
(-0.0125000000001 -0.00075 0.0375)
(-0.00750000000008 -0.00075 0.0375)
(-0.00250000000009 -0.00075 0.0375)
(0.00249999999991 -0.00075 0.0375)
(0.00749999999992 -0.00075 0.0375)
(0.0124999999999 -0.00075 0.0375)
(0.0174999999999 -0.00075 0.0375)
(0.0225 -0.00075 0.0375)
(0.0275 -0.00075 0.0375)
(0.0325 -0.00075 0.0375)
(0.0375 -0.00075 0.0325)
(0.0375 -0.00075 0.0275)
(0.0375 -0.00075 0.0225)
(0.0375 -0.00075 0.0175000000001)
(0.0375 -0.00075 0.0125000000001)
(0.0375 -0.00075 0.00750000000008)
(0.0375 -0.00075 0.00250000000009)
(0.0375 -0.00075 -0.00249999999991)
(0.0375 -0.00075 -0.00749999999992)
(0.0375 -0.00075 -0.0124999999999)
(0.0375 -0.00075 -0.0174999999999)
(0.0375 -0.00075 -0.0225)
(0.0375 -0.00075 -0.0275)
(0.0375 -0.00075 -0.0325)
(0.0325 -0.00075 -0.0375)
(0.0275 -0.00075 -0.0375)
(0.0225 -0.00075 -0.0375)
(0.0175000000001 -0.00075 -0.0375)
(0.0125000000001 -0.00075 -0.0375)
(0.00750000000008 -0.00075 -0.0375)
(0.00250000000009 -0.00075 -0.0375)
(-0.00249999999991 -0.00075 -0.0375)
(-0.00749999999992 -0.00075 -0.0375)
(-0.0124999999999 -0.00075 -0.0375)
(-0.0174999999999 -0.00075 -0.0375)
(-0.0225 -0.00075 -0.0375)
(-0.0275 -0.00075 -0.0375)
(-0.0325 -0.00075 -0.0375)
(-0.0375 -0.00075 -0.0325)
(-0.0375 -0.00075 -0.0275)
(-0.0375 -0.00075 -0.0225)
(-0.0375 -0.00075 -0.0175000000001)
(-0.0375 -0.00075 -0.0125000000001)
(-0.0375 -0.00075 -0.00750000000008)
(-0.0375 -0.00075 -0.00250000000009)
(-0.0375 -0.00075 0.00249999999991)
(-0.0375 -0.00075 0.00749999999992)
(-0.0375 -0.00075 0.0124999999999)
(-0.0375 -0.00075 0.0174999999999)
(-0.0375 -0.00075 0.0225)
(-0.0375 -0.00075 0.0275)
(-0.0375 -0.00075 0.0325)
(-0.0325 0.00075 0.0375)
(-0.0275 0.00075 0.0375)
(-0.0225 0.00075 0.0375)
(-0.0175000000001 0.00075 0.0375)
(-0.0125000000001 0.00075 0.0375)
(-0.00750000000008 0.00075 0.0375)
(-0.00250000000009 0.00075 0.0375)
(0.00249999999991 0.00075 0.0375)
(0.00749999999992 0.00075 0.0375)
(0.0124999999999 0.00075 0.0375)
(0.0174999999999 0.00075 0.0375)
(0.0225 0.00075 0.0375)
(0.0275 0.00075 0.0375)
(0.0325 0.00075 0.0375)
(0.0375 0.00075 0.0325)
(0.0375 0.00075 0.0275)
(0.0375 0.00075 0.0225)
(0.0375 0.00075 0.0175000000001)
(0.0375 0.00075 0.0125000000001)
(0.0375 0.00075 0.00750000000008)
(0.0375 0.00075 0.00250000000009)
(0.0375 0.00075 -0.00249999999991)
(0.0375 0.00075 -0.00749999999992)
(0.0375 0.00075 -0.0124999999999)
(0.0375 0.00075 -0.0174999999999)
(0.0375 0.00075 -0.0225)
(0.0375 0.00075 -0.0275)
(0.0375 0.00075 -0.0325)
(0.0325 0.00075 -0.0375)
(0.0275 0.00075 -0.0375)
(0.0225 0.00075 -0.0375)
(0.0175000000001 0.00075 -0.0375)
(0.0125000000001 0.00075 -0.0375)
(0.00750000000008 0.00075 -0.0375)
(0.00250000000009 0.00075 -0.0375)
(-0.00249999999991 0.00075 -0.0375)
(-0.00749999999992 0.00075 -0.0375)
(-0.0124999999999 0.00075 -0.0375)
(-0.0174999999999 0.00075 -0.0375)
(-0.0225 0.00075 -0.0375)
(-0.0275 0.00075 -0.0375)
(-0.0325 0.00075 -0.0375)
(-0.0375 0.00075 -0.0325)
(-0.0375 0.00075 -0.0275)
(-0.0375 0.00075 -0.0225)
(-0.0375 0.00075 -0.0175000000001)
(-0.0375 0.00075 -0.0125000000001)
(-0.0375 0.00075 -0.00750000000008)
(-0.0375 0.00075 -0.00250000000009)
(-0.0375 0.00075 0.00249999999991)
(-0.0375 0.00075 0.00749999999992)
(-0.0375 0.00075 0.0124999999999)
(-0.0375 0.00075 0.0174999999999)
(-0.0375 0.00075 0.0225)
(-0.0375 0.00075 0.0275)
(-0.0375 0.00075 0.0325)
(-0.0375 -0.000375 0.0375)
(-0.0375 0 0.0375)
(-0.0375 0.000375 0.0375)
(0.0375 -0.000375 0.0375)
(0.0375 0 0.0375)
(0.0375 0.000375 0.0375)
(0.0375 -0.000375 -0.0375)
(0.0375 0 -0.0375)
(0.0375 0.000375 -0.0375)
(-0.0375 -0.000375 -0.0375)
(-0.0375 0 -0.0375)
(-0.0375 0.000375 -0.0375)
(-0.0325 -0.00075 0.0325)
(-0.0325 -0.00075 0.0275)
(-0.0325 -0.00075 0.0225)
(-0.0325 -0.00075 0.0175)
(-0.0325 -0.00075 0.0124999999999)
(-0.0325 -0.00075 0.00749999999993)
(-0.0325 -0.00075 0.00249999999992)
(-0.0325 -0.00075 -0.00250000000008)
(-0.0325 -0.00075 -0.00750000000007)
(-0.0325 -0.00075 -0.0125000000001)
(-0.0325 -0.00075 -0.0175)
(-0.0325 -0.00075 -0.0225)
(-0.0325 -0.00075 -0.0275)
(-0.0325 -0.00075 -0.0325)
(-0.0275 -0.00075 0.0325)
(-0.0275 -0.00075 0.0275)
(-0.0275 -0.00075 0.0225)
(-0.0275 -0.00075 0.0175)
(-0.0275 -0.00075 0.0125)
(-0.0275 -0.00075 0.00749999999994)
(-0.0275 -0.00075 0.00249999999993)
(-0.0275 -0.00075 -0.00250000000007)
(-0.0275 -0.00075 -0.00750000000006)
(-0.0275 -0.00075 -0.0125)
(-0.0275 -0.00075 -0.0175)
(-0.0275 -0.00075 -0.0225)
(-0.0275 -0.00075 -0.0275)
(-0.0275 -0.00075 -0.0325)
(-0.0225 -0.00075 0.0325)
(-0.0225 -0.00075 0.0275)
(-0.0225 -0.00075 0.0225)
(-0.0225 -0.00075 0.0175)
(-0.0225 -0.00075 0.0125)
(-0.0225 -0.00075 0.00749999999995)
(-0.0225 -0.00075 0.00249999999994)
(-0.0225 -0.00075 -0.00250000000005)
(-0.0225 -0.00075 -0.00750000000005)
(-0.0225 -0.00075 -0.0125)
(-0.0225 -0.00075 -0.0175)
(-0.0225 -0.00075 -0.0225)
(-0.0225 -0.00075 -0.0275)
(-0.0225 -0.00075 -0.0325)
(-0.0175 -0.00075 0.0325)
(-0.0175 -0.00075 0.0275)
(-0.0175 -0.00075 0.0225)
(-0.0175 -0.00075 0.0175)
(-0.0175 -0.00075 0.0125)
(-0.0175 -0.00075 0.00749999999996)
(-0.0175 -0.00075 0.00249999999996)
(-0.0175 -0.00075 -0.00250000000004)
(-0.0175 -0.00075 -0.00750000000004)
(-0.0175 -0.00075 -0.0125)
(-0.0175 -0.00075 -0.0175)
(-0.0175 -0.00075 -0.0225)
(-0.0175 -0.00075 -0.0275)
(-0.0175 -0.00075 -0.0325)
(-0.0125000000001 -0.00075 0.0325)
(-0.0125 -0.00075 0.0275)
(-0.0125 -0.00075 0.0225)
(-0.0125 -0.00075 0.0175)
(-0.0125 -0.00075 0.0125)
(-0.0125 -0.00075 0.00749999999997)
(-0.0125 -0.00075 0.00249999999997)
(-0.0125 -0.00075 -0.00250000000003)
(-0.0125 -0.00075 -0.00750000000003)
(-0.0125 -0.00075 -0.0125)
(-0.0125 -0.00075 -0.0175)
(-0.0125 -0.00075 -0.0225)
(-0.0125 -0.00075 -0.0275)
(-0.0124999999999 -0.00075 -0.0325)
(-0.00750000000007 -0.00075 0.0325)
(-0.00750000000006 -0.00075 0.0275)
(-0.00750000000005 -0.00075 0.0225)
(-0.00750000000004 -0.00075 0.0175)
(-0.00750000000003 -0.00075 0.0125)
(-0.00750000000001 -0.00075 0.00749999999998)
(-0.0075 -0.00075 0.00249999999998)
(-0.00749999999999 -0.00075 -0.00250000000002)
(-0.00749999999998 -0.00075 -0.00750000000001)
(-0.00749999999997 -0.00075 -0.0125)
(-0.00749999999996 -0.00075 -0.0175)
(-0.00749999999995 -0.00075 -0.0225)
(-0.00749999999994 -0.00075 -0.0275)
(-0.00749999999993 -0.00075 -0.0325)
(-0.00250000000008 -0.00075 0.0325)
(-0.00250000000007 -0.00075 0.0275)
(-0.00250000000005 -0.00075 0.0225)
(-0.00250000000004 -0.00075 0.0175)
(-0.00250000000003 -0.00075 0.0125)
(-0.00250000000002 -0.00075 0.00749999999999)
(-0.00250000000001 -0.00075 0.00249999999999)
(-0.00249999999999 -0.00075 -0.00250000000001)
(-0.00249999999998 -0.00075 -0.0075)
(-0.00249999999997 -0.00075 -0.0125)
(-0.00249999999996 -0.00075 -0.0175)
(-0.00249999999994 -0.00075 -0.0225)
(-0.00249999999993 -0.00075 -0.0275)
(-0.00249999999992 -0.00075 -0.0325)
(0.00249999999992 -0.00075 0.0325)
(0.00249999999993 -0.00075 0.0275)
(0.00249999999994 -0.00075 0.0225)
(0.00249999999996 -0.00075 0.0175)
(0.00249999999997 -0.00075 0.0125)
(0.00249999999998 -0.00075 0.0075)
(0.00249999999999 -0.00075 0.00250000000001)
(0.00250000000001 -0.00075 -0.00249999999999)
(0.00250000000002 -0.00075 -0.00749999999999)
(0.00250000000003 -0.00075 -0.0125)
(0.00250000000004 -0.00075 -0.0175)
(0.00250000000005 -0.00075 -0.0225)
(0.00250000000007 -0.00075 -0.0275)
(0.00250000000008 -0.00075 -0.0325)
(0.00749999999993 -0.00075 0.0325)
(0.00749999999994 -0.00075 0.0275)
(0.00749999999995 -0.00075 0.0225)
(0.00749999999996 -0.00075 0.0175)
(0.00749999999997 -0.00075 0.0125)
(0.00749999999998 -0.00075 0.00750000000001)
(0.00749999999999 -0.00075 0.00250000000002)
(0.0075 -0.00075 -0.00249999999998)
(0.00750000000001 -0.00075 -0.00749999999998)
(0.00750000000003 -0.00075 -0.0125)
(0.00750000000004 -0.00075 -0.0175)
(0.00750000000005 -0.00075 -0.0225)
(0.00750000000006 -0.00075 -0.0275)
(0.00750000000007 -0.00075 -0.0325)
(0.0124999999999 -0.00075 0.0325)
(0.0125 -0.00075 0.0275)
(0.0125 -0.00075 0.0225)
(0.0125 -0.00075 0.0175)
(0.0125 -0.00075 0.0125)
(0.0125 -0.00075 0.00750000000003)
(0.0125 -0.00075 0.00250000000003)
(0.0125 -0.00075 -0.00249999999997)
(0.0125 -0.00075 -0.00749999999997)
(0.0125 -0.00075 -0.0125)
(0.0125 -0.00075 -0.0175)
(0.0125 -0.00075 -0.0225)
(0.0125 -0.00075 -0.0275)
(0.0125000000001 -0.00075 -0.0325)
(0.0175 -0.00075 0.0325)
(0.0175 -0.00075 0.0275)
(0.0175 -0.00075 0.0225)
(0.0175 -0.00075 0.0175)
(0.0175 -0.00075 0.0125)
(0.0175 -0.00075 0.00750000000004)
(0.0175 -0.00075 0.00250000000004)
(0.0175 -0.00075 -0.00249999999996)
(0.0175 -0.00075 -0.00749999999996)
(0.0175 -0.00075 -0.0125)
(0.0175 -0.00075 -0.0175)
(0.0175 -0.00075 -0.0225)
(0.0175 -0.00075 -0.0275)
(0.0175 -0.00075 -0.0325)
(0.0225 -0.00075 0.0325)
(0.0225 -0.00075 0.0275)
(0.0225 -0.00075 0.0225)
(0.0225 -0.00075 0.0175)
(0.0225 -0.00075 0.0125)
(0.0225 -0.00075 0.00750000000005)
(0.0225 -0.00075 0.00250000000005)
(0.0225 -0.00075 -0.00249999999994)
(0.0225 -0.00075 -0.00749999999995)
(0.0225 -0.00075 -0.0125)
(0.0225 -0.00075 -0.0175)
(0.0225 -0.00075 -0.0225)
(0.0225 -0.00075 -0.0275)
(0.0225 -0.00075 -0.0325)
(0.0275 -0.00075 0.0325)
(0.0275 -0.00075 0.0275)
(0.0275 -0.00075 0.0225)
(0.0275 -0.00075 0.0175)
(0.0275 -0.00075 0.0125)
(0.0275 -0.00075 0.00750000000006)
(0.0275 -0.00075 0.00250000000007)
(0.0275 -0.00075 -0.00249999999993)
(0.0275 -0.00075 -0.00749999999994)
(0.0275 -0.00075 -0.0125)
(0.0275 -0.00075 -0.0175)
(0.0275 -0.00075 -0.0225)
(0.0275 -0.00075 -0.0275)
(0.0275 -0.00075 -0.0325)
(0.0325 -0.00075 0.0325)
(0.0325 -0.00075 0.0275)
(0.0325 -0.00075 0.0225)
(0.0325 -0.00075 0.0175)
(0.0325 -0.00075 0.0125000000001)
(0.0325 -0.00075 0.00750000000007)
(0.0325 -0.00075 0.00250000000008)
(0.0325 -0.00075 -0.00249999999992)
(0.0325 -0.00075 -0.00749999999993)
(0.0325 -0.00075 -0.0124999999999)
(0.0325 -0.00075 -0.0175)
(0.0325 -0.00075 -0.0225)
(0.0325 -0.00075 -0.0275)
(0.0325 -0.00075 -0.0325)
(-0.0325 -0.000375 0.0375)
(-0.0325 0 0.0375)
(-0.0325 0.000375 0.0375)
(-0.0275 -0.000375 0.0375)
(-0.0275 0 0.0375)
(-0.0275 0.000375 0.0375)
(-0.0225 -0.000375 0.0375)
(-0.0225 0 0.0375)
(-0.0225 0.000375 0.0375)
(-0.0175000000001 -0.000375 0.0375)
(-0.0175000000001 0 0.0375)
(-0.0175000000001 0.000375 0.0375)
(-0.0125000000001 -0.000375 0.0375)
(-0.0125000000001 0 0.0375)
(-0.0125000000001 0.000375 0.0375)
(-0.00750000000008 -0.000375 0.0375)
(-0.00750000000008 0 0.0375)
(-0.00750000000008 0.000375 0.0375)
(-0.00250000000009 -0.000375 0.0375)
(-0.00250000000009 0 0.0375)
(-0.00250000000009 0.000375 0.0375)
(0.00249999999991 -0.000375 0.0375)
(0.00249999999991 0 0.0375)
(0.00249999999991 0.000375 0.0375)
(0.00749999999992 -0.000375 0.0375)
(0.00749999999992 0 0.0375)
(0.00749999999992 0.000375 0.0375)
(0.0124999999999 -0.000375 0.0375)
(0.0124999999999 0 0.0375)
(0.0124999999999 0.000375 0.0375)
(0.0174999999999 -0.000375 0.0375)
(0.0174999999999 0 0.0375)
(0.0174999999999 0.000375 0.0375)
(0.0225 -0.000375 0.0375)
(0.0225 0 0.0375)
(0.0225 0.000375 0.0375)
(0.0275 -0.000375 0.0375)
(0.0275 0 0.0375)
(0.0275 0.000375 0.0375)
(0.0325 -0.000375 0.0375)
(0.0325 0 0.0375)
(0.0325 0.000375 0.0375)
(0.0375 -0.000375 0.0325)
(0.0375 0 0.0325)
(0.0375 0.000375 0.0325)
(0.0375 -0.000375 0.0275)
(0.0375 0 0.0275)
(0.0375 0.000375 0.0275)
(0.0375 -0.000375 0.0225)
(0.0375 0 0.0225)
(0.0375 0.000375 0.0225)
(0.0375 -0.000375 0.0175000000001)
(0.0375 0 0.0175000000001)
(0.0375 0.000375 0.0175000000001)
(0.0375 -0.000375 0.0125000000001)
(0.0375 0 0.0125000000001)
(0.0375 0.000375 0.0125000000001)
(0.0375 -0.000375 0.00750000000008)
(0.0375 0 0.00750000000008)
(0.0375 0.000375 0.00750000000008)
(0.0375 -0.000375 0.00250000000009)
(0.0375 0 0.00250000000009)
(0.0375 0.000375 0.00250000000009)
(0.0375 -0.000375 -0.00249999999991)
(0.0375 0 -0.00249999999991)
(0.0375 0.000375 -0.00249999999991)
(0.0375 -0.000375 -0.00749999999992)
(0.0375 0 -0.00749999999992)
(0.0375 0.000375 -0.00749999999992)
(0.0375 -0.000375 -0.0124999999999)
(0.0375 0 -0.0124999999999)
(0.0375 0.000375 -0.0124999999999)
(0.0375 -0.000375 -0.0174999999999)
(0.0375 0 -0.0174999999999)
(0.0375 0.000375 -0.0174999999999)
(0.0375 -0.000375 -0.0225)
(0.0375 0 -0.0225)
(0.0375 0.000375 -0.0225)
(0.0375 -0.000375 -0.0275)
(0.0375 0 -0.0275)
(0.0375 0.000375 -0.0275)
(0.0375 -0.000375 -0.0325)
(0.0375 0 -0.0325)
(0.0375 0.000375 -0.0325)
(0.0325 -0.000375 -0.0375)
(0.0325 0 -0.0375)
(0.0325 0.000375 -0.0375)
(0.0275 -0.000375 -0.0375)
(0.0275 0 -0.0375)
(0.0275 0.000375 -0.0375)
(0.0225 -0.000375 -0.0375)
(0.0225 0 -0.0375)
(0.0225 0.000375 -0.0375)
(0.0175000000001 -0.000375 -0.0375)
(0.0175000000001 0 -0.0375)
(0.0175000000001 0.000375 -0.0375)
(0.0125000000001 -0.000375 -0.0375)
(0.0125000000001 0 -0.0375)
(0.0125000000001 0.000375 -0.0375)
(0.00750000000008 -0.000375 -0.0375)
(0.00750000000008 0 -0.0375)
(0.00750000000008 0.000375 -0.0375)
(0.00250000000009 -0.000375 -0.0375)
(0.00250000000009 0 -0.0375)
(0.00250000000009 0.000375 -0.0375)
(-0.00249999999991 -0.000375 -0.0375)
(-0.00249999999991 0 -0.0375)
(-0.00249999999991 0.000375 -0.0375)
(-0.00749999999992 -0.000375 -0.0375)
(-0.00749999999992 0 -0.0375)
(-0.00749999999992 0.000375 -0.0375)
(-0.0124999999999 -0.000375 -0.0375)
(-0.0124999999999 0 -0.0375)
(-0.0124999999999 0.000375 -0.0375)
(-0.0174999999999 -0.000375 -0.0375)
(-0.0174999999999 0 -0.0375)
(-0.0174999999999 0.000375 -0.0375)
(-0.0225 -0.000375 -0.0375)
(-0.0225 0 -0.0375)
(-0.0225 0.000375 -0.0375)
(-0.0275 -0.000375 -0.0375)
(-0.0275 0 -0.0375)
(-0.0275 0.000375 -0.0375)
(-0.0325 -0.000375 -0.0375)
(-0.0325 0 -0.0375)
(-0.0325 0.000375 -0.0375)
(-0.0375 -0.000375 -0.0325)
(-0.0375 0 -0.0325)
(-0.0375 0.000375 -0.0325)
(-0.0375 -0.000375 -0.0275)
(-0.0375 0 -0.0275)
(-0.0375 0.000375 -0.0275)
(-0.0375 -0.000375 -0.0225)
(-0.0375 0 -0.0225)
(-0.0375 0.000375 -0.0225)
(-0.0375 -0.000375 -0.0175000000001)
(-0.0375 0 -0.0175000000001)
(-0.0375 0.000375 -0.0175000000001)
(-0.0375 -0.000375 -0.0125000000001)
(-0.0375 0 -0.0125000000001)
(-0.0375 0.000375 -0.0125000000001)
(-0.0375 -0.000375 -0.00750000000008)
(-0.0375 0 -0.00750000000008)
(-0.0375 0.000375 -0.00750000000008)
(-0.0375 -0.000375 -0.00250000000009)
(-0.0375 0 -0.00250000000009)
(-0.0375 0.000375 -0.00250000000009)
(-0.0375 -0.000375 0.00249999999991)
(-0.0375 0 0.00249999999991)
(-0.0375 0.000375 0.00249999999991)
(-0.0375 -0.000375 0.00749999999992)
(-0.0375 0 0.00749999999992)
(-0.0375 0.000375 0.00749999999992)
(-0.0375 -0.000375 0.0124999999999)
(-0.0375 0 0.0124999999999)
(-0.0375 0.000375 0.0124999999999)
(-0.0375 -0.000375 0.0174999999999)
(-0.0375 0 0.0174999999999)
(-0.0375 0.000375 0.0174999999999)
(-0.0375 -0.000375 0.0225)
(-0.0375 0 0.0225)
(-0.0375 0.000375 0.0225)
(-0.0375 -0.000375 0.0275)
(-0.0375 0 0.0275)
(-0.0375 0.000375 0.0275)
(-0.0375 -0.000375 0.0325)
(-0.0375 0 0.0325)
(-0.0375 0.000375 0.0325)
(-0.0325 0.00075 0.0325)
(-0.0325 0.00075 0.0275)
(-0.0325 0.00075 0.0225)
(-0.0325 0.00075 0.0175)
(-0.0325 0.00075 0.0124999999999)
(-0.0325 0.00075 0.00749999999993)
(-0.0325 0.00075 0.00249999999992)
(-0.0325 0.00075 -0.00250000000008)
(-0.0325 0.00075 -0.00750000000007)
(-0.0325 0.00075 -0.0125000000001)
(-0.0325 0.00075 -0.0175)
(-0.0325 0.00075 -0.0225)
(-0.0325 0.00075 -0.0275)
(-0.0325 0.00075 -0.0325)
(-0.0275 0.00075 0.0325)
(-0.0275 0.00075 0.0275)
(-0.0275 0.00075 0.0225)
(-0.0275 0.00075 0.0175)
(-0.0275 0.00075 0.0125)
(-0.0275 0.00075 0.00749999999994)
(-0.0275 0.00075 0.00249999999993)
(-0.0275 0.00075 -0.00250000000007)
(-0.0275 0.00075 -0.00750000000006)
(-0.0275 0.00075 -0.0125)
(-0.0275 0.00075 -0.0175)
(-0.0275 0.00075 -0.0225)
(-0.0275 0.00075 -0.0275)
(-0.0275 0.00075 -0.0325)
(-0.0225 0.00075 0.0325)
(-0.0225 0.00075 0.0275)
(-0.0225 0.00075 0.0225)
(-0.0225 0.00075 0.0175)
(-0.0225 0.00075 0.0125)
(-0.0225 0.00075 0.00749999999995)
(-0.0225 0.00075 0.00249999999994)
(-0.0225 0.00075 -0.00250000000005)
(-0.0225 0.00075 -0.00750000000005)
(-0.0225 0.00075 -0.0125)
(-0.0225 0.00075 -0.0175)
(-0.0225 0.00075 -0.0225)
(-0.0225 0.00075 -0.0275)
(-0.0225 0.00075 -0.0325)
(-0.0175 0.00075 0.0325)
(-0.0175 0.00075 0.0275)
(-0.0175 0.00075 0.0225)
(-0.0175 0.00075 0.0175)
(-0.0175 0.00075 0.0125)
(-0.0175 0.00075 0.00749999999996)
(-0.0175 0.00075 0.00249999999996)
(-0.0175 0.00075 -0.00250000000004)
(-0.0175 0.00075 -0.00750000000004)
(-0.0175 0.00075 -0.0125)
(-0.0175 0.00075 -0.0175)
(-0.0175 0.00075 -0.0225)
(-0.0175 0.00075 -0.0275)
(-0.0175 0.00075 -0.0325)
(-0.0125000000001 0.00075 0.0325)
(-0.0125 0.00075 0.0275)
(-0.0125 0.00075 0.0225)
(-0.0125 0.00075 0.0175)
(-0.0125 0.00075 0.0125)
(-0.0125 0.00075 0.00749999999997)
(-0.0125 0.00075 0.00249999999997)
(-0.0125 0.00075 -0.00250000000003)
(-0.0125 0.00075 -0.00750000000003)
(-0.0125 0.00075 -0.0125)
(-0.0125 0.00075 -0.0175)
(-0.0125 0.00075 -0.0225)
(-0.0125 0.00075 -0.0275)
(-0.0124999999999 0.00075 -0.0325)
(-0.00750000000007 0.00075 0.0325)
(-0.00750000000006 0.00075 0.0275)
(-0.00750000000005 0.00075 0.0225)
(-0.00750000000004 0.00075 0.0175)
(-0.00750000000003 0.00075 0.0125)
(-0.00750000000001 0.00075 0.00749999999998)
(-0.0075 0.00075 0.00249999999998)
(-0.00749999999999 0.00075 -0.00250000000002)
(-0.00749999999998 0.00075 -0.00750000000001)
(-0.00749999999997 0.00075 -0.0125)
(-0.00749999999996 0.00075 -0.0175)
(-0.00749999999995 0.00075 -0.0225)
(-0.00749999999994 0.00075 -0.0275)
(-0.00749999999993 0.00075 -0.0325)
(-0.00250000000008 0.00075 0.0325)
(-0.00250000000007 0.00075 0.0275)
(-0.00250000000005 0.00075 0.0225)
(-0.00250000000004 0.00075 0.0175)
(-0.00250000000003 0.00075 0.0125)
(-0.00250000000002 0.00075 0.00749999999999)
(-0.00250000000001 0.00075 0.00249999999999)
(-0.00249999999999 0.00075 -0.00250000000001)
(-0.00249999999998 0.00075 -0.0075)
(-0.00249999999997 0.00075 -0.0125)
(-0.00249999999996 0.00075 -0.0175)
(-0.00249999999994 0.00075 -0.0225)
(-0.00249999999993 0.00075 -0.0275)
(-0.00249999999992 0.00075 -0.0325)
(0.00249999999992 0.00075 0.0325)
(0.00249999999993 0.00075 0.0275)
(0.00249999999994 0.00075 0.0225)
(0.00249999999996 0.00075 0.0175)
(0.00249999999997 0.00075 0.0125)
(0.00249999999998 0.00075 0.0075)
(0.00249999999999 0.00075 0.00250000000001)
(0.00250000000001 0.00075 -0.00249999999999)
(0.00250000000002 0.00075 -0.00749999999999)
(0.00250000000003 0.00075 -0.0125)
(0.00250000000004 0.00075 -0.0175)
(0.00250000000005 0.00075 -0.0225)
(0.00250000000007 0.00075 -0.0275)
(0.00250000000008 0.00075 -0.0325)
(0.00749999999993 0.00075 0.0325)
(0.00749999999994 0.00075 0.0275)
(0.00749999999995 0.00075 0.0225)
(0.00749999999996 0.00075 0.0175)
(0.00749999999997 0.00075 0.0125)
(0.00749999999998 0.00075 0.00750000000001)
(0.00749999999999 0.00075 0.00250000000002)
(0.0075 0.00075 -0.00249999999998)
(0.00750000000001 0.00075 -0.00749999999998)
(0.00750000000003 0.00075 -0.0125)
(0.00750000000004 0.00075 -0.0175)
(0.00750000000005 0.00075 -0.0225)
(0.00750000000006 0.00075 -0.0275)
(0.00750000000007 0.00075 -0.0325)
(0.0124999999999 0.00075 0.0325)
(0.0125 0.00075 0.0275)
(0.0125 0.00075 0.0225)
(0.0125 0.00075 0.0175)
(0.0125 0.00075 0.0125)
(0.0125 0.00075 0.00750000000003)
(0.0125 0.00075 0.00250000000003)
(0.0125 0.00075 -0.00249999999997)
(0.0125 0.00075 -0.00749999999997)
(0.0125 0.00075 -0.0125)
(0.0125 0.00075 -0.0175)
(0.0125 0.00075 -0.0225)
(0.0125 0.00075 -0.0275)
(0.0125000000001 0.00075 -0.0325)
(0.0175 0.00075 0.0325)
(0.0175 0.00075 0.0275)
(0.0175 0.00075 0.0225)
(0.0175 0.00075 0.0175)
(0.0175 0.00075 0.0125)
(0.0175 0.00075 0.00750000000004)
(0.0175 0.00075 0.00250000000004)
(0.0175 0.00075 -0.00249999999996)
(0.0175 0.00075 -0.00749999999996)
(0.0175 0.00075 -0.0125)
(0.0175 0.00075 -0.0175)
(0.0175 0.00075 -0.0225)
(0.0175 0.00075 -0.0275)
(0.0175 0.00075 -0.0325)
(0.0225 0.00075 0.0325)
(0.0225 0.00075 0.0275)
(0.0225 0.00075 0.0225)
(0.0225 0.00075 0.0175)
(0.0225 0.00075 0.0125)
(0.0225 0.00075 0.00750000000005)
(0.0225 0.00075 0.00250000000005)
(0.0225 0.00075 -0.00249999999994)
(0.0225 0.00075 -0.00749999999995)
(0.0225 0.00075 -0.0125)
(0.0225 0.00075 -0.0175)
(0.0225 0.00075 -0.0225)
(0.0225 0.00075 -0.0275)
(0.0225 0.00075 -0.0325)
(0.0275 0.00075 0.0325)
(0.0275 0.00075 0.0275)
(0.0275 0.00075 0.0225)
(0.0275 0.00075 0.0175)
(0.0275 0.00075 0.0125)
(0.0275 0.00075 0.00750000000006)
(0.0275 0.00075 0.00250000000007)
(0.0275 0.00075 -0.00249999999993)
(0.0275 0.00075 -0.00749999999994)
(0.0275 0.00075 -0.0125)
(0.0275 0.00075 -0.0175)
(0.0275 0.00075 -0.0225)
(0.0275 0.00075 -0.0275)
(0.0275 0.00075 -0.0325)
(0.0325 0.00075 0.0325)
(0.0325 0.00075 0.0275)
(0.0325 0.00075 0.0225)
(0.0325 0.00075 0.0175)
(0.0325 0.00075 0.0125000000001)
(0.0325 0.00075 0.00750000000007)
(0.0325 0.00075 0.00250000000008)
(0.0325 0.00075 -0.00249999999992)
(0.0325 0.00075 -0.00749999999993)
(0.0325 0.00075 -0.0124999999999)
(0.0325 0.00075 -0.0175)
(0.0325 0.00075 -0.0225)
(0.0325 0.00075 -0.0275)
(0.0325 0.00075 -0.0325)
(-0.0325 -0.000375 0.0325)
(-0.0325 0 0.0325)
(-0.0325 0.000375 0.0325)
(-0.0325 -0.000375 0.0275)
(-0.0325 0 0.0275)
(-0.0325 0.000375 0.0275)
(-0.0325 -0.000375 0.0225)
(-0.0325 0 0.0225)
(-0.0325 0.000375 0.0225)
(-0.0325 -0.000375 0.0175)
(-0.0325 0 0.0175)
(-0.0325 0.000375 0.0175)
(-0.0325 -0.000375 0.0124999999999)
(-0.0325 0 0.0124999999999)
(-0.0325 0.000375 0.0124999999999)
(-0.0325 -0.000375 0.00749999999993)
(-0.0325 0 0.00749999999993)
(-0.0325 0.000375 0.00749999999993)
(-0.0325 -0.000375 0.00249999999992)
(-0.0325 0 0.00249999999992)
(-0.0325 0.000375 0.00249999999992)
(-0.0325 -0.000375 -0.00250000000008)
(-0.0325 0 -0.00250000000008)
(-0.0325 0.000375 -0.00250000000008)
(-0.0325 -0.000375 -0.00750000000007)
(-0.0325 0 -0.00750000000007)
(-0.0325 0.000375 -0.00750000000007)
(-0.0325 -0.000375 -0.0125000000001)
(-0.0325 0 -0.0125000000001)
(-0.0325 0.000375 -0.0125000000001)
(-0.0325 -0.000375 -0.0175)
(-0.0325 0 -0.0175)
(-0.0325 0.000375 -0.0175)
(-0.0325 -0.000375 -0.0225)
(-0.0325 0 -0.0225)
(-0.0325 0.000375 -0.0225)
(-0.0325 -0.000375 -0.0275)
(-0.0325 0 -0.0275)
(-0.0325 0.000375 -0.0275)
(-0.0325 -0.000375 -0.0325)
(-0.0325 0 -0.0325)
(-0.0325 0.000375 -0.0325)
(-0.0275 -0.000375 0.0325)
(-0.0275 0 0.0325)
(-0.0275 0.000375 0.0325)
(-0.0275 -0.000375 0.0275)
(-0.0275 0 0.0275)
(-0.0275 0.000375 0.0275)
(-0.0275 -0.000375 0.0225)
(-0.0275 0 0.0225)
(-0.0275 0.000375 0.0225)
(-0.0275 -0.000375 0.0175)
(-0.0275 0 0.0175)
(-0.0275 0.000375 0.0175)
(-0.0275 -0.000375 0.0125)
(-0.0275 0 0.0125)
(-0.0275 0.000375 0.0125)
(-0.0275 -0.000375 0.00749999999994)
(-0.0275 0 0.00749999999994)
(-0.0275 0.000375 0.00749999999994)
(-0.0275 -0.000375 0.00249999999993)
(-0.0275 0 0.00249999999993)
(-0.0275 0.000375 0.00249999999993)
(-0.0275 -0.000375 -0.00250000000007)
(-0.0275 0 -0.00250000000007)
(-0.0275 0.000375 -0.00250000000007)
(-0.0275 -0.000375 -0.00750000000006)
(-0.0275 0 -0.00750000000006)
(-0.0275 0.000375 -0.00750000000006)
(-0.0275 -0.000375 -0.0125)
(-0.0275 0 -0.0125)
(-0.0275 0.000375 -0.0125)
(-0.0275 -0.000375 -0.0175)
(-0.0275 0 -0.0175)
(-0.0275 0.000375 -0.0175)
(-0.0275 -0.000375 -0.0225)
(-0.0275 0 -0.0225)
(-0.0275 0.000375 -0.0225)
(-0.0275 -0.000375 -0.0275)
(-0.0275 0 -0.0275)
(-0.0275 0.000375 -0.0275)
(-0.0275 -0.000375 -0.0325)
(-0.0275 0 -0.0325)
(-0.0275 0.000375 -0.0325)
(-0.0225 -0.000375 0.0325)
(-0.0225 0 0.0325)
(-0.0225 0.000375 0.0325)
(-0.0225 -0.000375 0.0275)
(-0.0225 0 0.0275)
(-0.0225 0.000375 0.0275)
(-0.0225 -0.000375 0.0225)
(-0.0225 0 0.0225)
(-0.0225 0.000375 0.0225)
(-0.0225 -0.000375 0.0175)
(-0.0225 0 0.0175)
(-0.0225 0.000375 0.0175)
(-0.0225 -0.000375 0.0125)
(-0.0225 0 0.0125)
(-0.0225 0.000375 0.0125)
(-0.0225 -0.000375 0.00749999999995)
(-0.0225 0 0.00749999999995)
(-0.0225 0.000375 0.00749999999995)
(-0.0225 -0.000375 0.00249999999994)
(-0.0225 0 0.00249999999994)
(-0.0225 0.000375 0.00249999999994)
(-0.0225 -0.000375 -0.00250000000005)
(-0.0225 0 -0.00250000000005)
(-0.0225 0.000375 -0.00250000000005)
(-0.0225 -0.000375 -0.00750000000005)
(-0.0225 0 -0.00750000000005)
(-0.0225 0.000375 -0.00750000000005)
(-0.0225 -0.000375 -0.0125)
(-0.0225 0 -0.0125)
(-0.0225 0.000375 -0.0125)
(-0.0225 -0.000375 -0.0175)
(-0.0225 0 -0.0175)
(-0.0225 0.000375 -0.0175)
(-0.0225 -0.000375 -0.0225)
(-0.0225 0 -0.0225)
(-0.0225 0.000375 -0.0225)
(-0.0225 -0.000375 -0.0275)
(-0.0225 0 -0.0275)
(-0.0225 0.000375 -0.0275)
(-0.0225 -0.000375 -0.0325)
(-0.0225 0 -0.0325)
(-0.0225 0.000375 -0.0325)
(-0.0175 -0.000375 0.0325)
(-0.0175 0 0.0325)
(-0.0175 0.000375 0.0325)
(-0.0175 -0.000375 0.0275)
(-0.0175 0 0.0275)
(-0.0175 0.000375 0.0275)
(-0.0175 -0.000375 0.0225)
(-0.0175 0 0.0225)
(-0.0175 0.000375 0.0225)
(-0.0175 -0.000375 0.0175)
(-0.0175 0 0.0175)
(-0.0175 0.000375 0.0175)
(-0.0175 -0.000375 0.0125)
(-0.0175 0 0.0125)
(-0.0175 0.000375 0.0125)
(-0.0175 -0.000375 0.00749999999996)
(-0.0175 0 0.00749999999996)
(-0.0175 0.000375 0.00749999999996)
(-0.0175 -0.000375 0.00249999999996)
(-0.0175 0 0.00249999999996)
(-0.0175 0.000375 0.00249999999996)
(-0.0175 -0.000375 -0.00250000000004)
(-0.0175 0 -0.00250000000004)
(-0.0175 0.000375 -0.00250000000004)
(-0.0175 -0.000375 -0.00750000000004)
(-0.0175 0 -0.00750000000004)
(-0.0175 0.000375 -0.00750000000004)
(-0.0175 -0.000375 -0.0125)
(-0.0175 0 -0.0125)
(-0.0175 0.000375 -0.0125)
(-0.0175 -0.000375 -0.0175)
(-0.0175 0 -0.0175)
(-0.0175 0.000375 -0.0175)
(-0.0175 -0.000375 -0.0225)
(-0.0175 0 -0.0225)
(-0.0175 0.000375 -0.0225)
(-0.0175 -0.000375 -0.0275)
(-0.0175 0 -0.0275)
(-0.0175 0.000375 -0.0275)
(-0.0175 -0.000375 -0.0325)
(-0.0175 0 -0.0325)
(-0.0175 0.000375 -0.0325)
(-0.0125000000001 -0.000375 0.0325)
(-0.0125000000001 0 0.0325)
(-0.0125000000001 0.000375 0.0325)
(-0.0125 -0.000375 0.0275)
(-0.0125 0 0.0275)
(-0.0125 0.000375 0.0275)
(-0.0125 -0.000375 0.0225)
(-0.0125 0 0.0225)
(-0.0125 0.000375 0.0225)
(-0.0125 -0.000375 0.0175)
(-0.0125 0 0.0175)
(-0.0125 0.000375 0.0175)
(-0.0125 -0.000375 0.0125)
(-0.0125 0 0.0125)
(-0.0125 0.000375 0.0125)
(-0.0125 -0.000375 0.00749999999997)
(-0.0125 0 0.00749999999997)
(-0.0125 0.000375 0.00749999999997)
(-0.0125 -0.000375 0.00249999999997)
(-0.0125 0 0.00249999999997)
(-0.0125 0.000375 0.00249999999997)
(-0.0125 -0.000375 -0.00250000000003)
(-0.0125 0 -0.00250000000003)
(-0.0125 0.000375 -0.00250000000003)
(-0.0125 -0.000375 -0.00750000000003)
(-0.0125 0 -0.00750000000003)
(-0.0125 0.000375 -0.00750000000003)
(-0.0125 -0.000375 -0.0125)
(-0.0125 0 -0.0125)
(-0.0125 0.000375 -0.0125)
(-0.0125 -0.000375 -0.0175)
(-0.0125 0 -0.0175)
(-0.0125 0.000375 -0.0175)
(-0.0125 -0.000375 -0.0225)
(-0.0125 0 -0.0225)
(-0.0125 0.000375 -0.0225)
(-0.0125 -0.000375 -0.0275)
(-0.0125 0 -0.0275)
(-0.0125 0.000375 -0.0275)
(-0.0124999999999 -0.000375 -0.0325)
(-0.0124999999999 0 -0.0325)
(-0.0124999999999 0.000375 -0.0325)
(-0.00750000000007 -0.000375 0.0325)
(-0.00750000000007 0 0.0325)
(-0.00750000000007 0.000375 0.0325)
(-0.00750000000006 -0.000375 0.0275)
(-0.00750000000006 0 0.0275)
(-0.00750000000006 0.000375 0.0275)
(-0.00750000000005 -0.000375 0.0225)
(-0.00750000000005 0 0.0225)
(-0.00750000000005 0.000375 0.0225)
(-0.00750000000004 -0.000375 0.0175)
(-0.00750000000004 0 0.0175)
(-0.00750000000004 0.000375 0.0175)
(-0.00750000000003 -0.000375 0.0125)
(-0.00750000000003 0 0.0125)
(-0.00750000000003 0.000375 0.0125)
(-0.00750000000001 -0.000375 0.00749999999998)
(-0.00750000000001 0 0.00749999999998)
(-0.00750000000001 0.000375 0.00749999999998)
(-0.0075 -0.000375 0.00249999999998)
(-0.0075 0 0.00249999999998)
(-0.0075 0.000375 0.00249999999998)
(-0.00749999999999 -0.000375 -0.00250000000002)
(-0.00749999999999 0 -0.00250000000002)
(-0.00749999999999 0.000375 -0.00250000000002)
(-0.00749999999998 -0.000375 -0.00750000000001)
(-0.00749999999998 0 -0.00750000000001)
(-0.00749999999998 0.000375 -0.00750000000001)
(-0.00749999999997 -0.000375 -0.0125)
(-0.00749999999997 0 -0.0125)
(-0.00749999999997 0.000375 -0.0125)
(-0.00749999999996 -0.000375 -0.0175)
(-0.00749999999996 0 -0.0175)
(-0.00749999999996 0.000375 -0.0175)
(-0.00749999999995 -0.000375 -0.0225)
(-0.00749999999995 0 -0.0225)
(-0.00749999999995 0.000375 -0.0225)
(-0.00749999999994 -0.000375 -0.0275)
(-0.00749999999994 0 -0.0275)
(-0.00749999999994 0.000375 -0.0275)
(-0.00749999999993 -0.000375 -0.0325)
(-0.00749999999993 0 -0.0325)
(-0.00749999999993 0.000375 -0.0325)
(-0.00250000000008 -0.000375 0.0325)
(-0.00250000000008 0 0.0325)
(-0.00250000000008 0.000375 0.0325)
(-0.00250000000007 -0.000375 0.0275)
(-0.00250000000007 0 0.0275)
(-0.00250000000007 0.000375 0.0275)
(-0.00250000000005 -0.000375 0.0225)
(-0.00250000000005 0 0.0225)
(-0.00250000000005 0.000375 0.0225)
(-0.00250000000004 -0.000375 0.0175)
(-0.00250000000004 0 0.0175)
(-0.00250000000004 0.000375 0.0175)
(-0.00250000000003 -0.000375 0.0125)
(-0.00250000000003 0 0.0125)
(-0.00250000000003 0.000375 0.0125)
(-0.00250000000002 -0.000375 0.00749999999999)
(-0.00250000000002 0 0.00749999999999)
(-0.00250000000002 0.000375 0.00749999999999)
(-0.00250000000001 -0.000375 0.00249999999999)
(-0.00250000000001 0 0.00249999999999)
(-0.00250000000001 0.000375 0.00249999999999)
(-0.00249999999999 -0.000375 -0.00250000000001)
(-0.00249999999999 0 -0.00250000000001)
(-0.00249999999999 0.000375 -0.00250000000001)
(-0.00249999999998 -0.000375 -0.0075)
(-0.00249999999998 0 -0.0075)
(-0.00249999999998 0.000375 -0.0075)
(-0.00249999999997 -0.000375 -0.0125)
(-0.00249999999997 0 -0.0125)
(-0.00249999999997 0.000375 -0.0125)
(-0.00249999999996 -0.000375 -0.0175)
(-0.00249999999996 0 -0.0175)
(-0.00249999999996 0.000375 -0.0175)
(-0.00249999999994 -0.000375 -0.0225)
(-0.00249999999994 0 -0.0225)
(-0.00249999999994 0.000375 -0.0225)
(-0.00249999999993 -0.000375 -0.0275)
(-0.00249999999993 0 -0.0275)
(-0.00249999999993 0.000375 -0.0275)
(-0.00249999999992 -0.000375 -0.0325)
(-0.00249999999992 0 -0.0325)
(-0.00249999999992 0.000375 -0.0325)
(0.00249999999992 -0.000375 0.0325)
(0.00249999999992 0 0.0325)
(0.00249999999992 0.000375 0.0325)
(0.00249999999993 -0.000375 0.0275)
(0.00249999999993 0 0.0275)
(0.00249999999993 0.000375 0.0275)
(0.00249999999994 -0.000375 0.0225)
(0.00249999999994 0 0.0225)
(0.00249999999994 0.000375 0.0225)
(0.00249999999996 -0.000375 0.0175)
(0.00249999999996 0 0.0175)
(0.00249999999996 0.000375 0.0175)
(0.00249999999997 -0.000375 0.0125)
(0.00249999999997 0 0.0125)
(0.00249999999997 0.000375 0.0125)
(0.00249999999998 -0.000375 0.0075)
(0.00249999999998 0 0.0075)
(0.00249999999998 0.000375 0.0075)
(0.00249999999999 -0.000375 0.00250000000001)
(0.00249999999999 0 0.00250000000001)
(0.00249999999999 0.000375 0.00250000000001)
(0.00250000000001 -0.000375 -0.00249999999999)
(0.00250000000001 0 -0.00249999999999)
(0.00250000000001 0.000375 -0.00249999999999)
(0.00250000000002 -0.000375 -0.00749999999999)
(0.00250000000002 0 -0.00749999999999)
(0.00250000000002 0.000375 -0.00749999999999)
(0.00250000000003 -0.000375 -0.0125)
(0.00250000000003 0 -0.0125)
(0.00250000000003 0.000375 -0.0125)
(0.00250000000004 -0.000375 -0.0175)
(0.00250000000004 0 -0.0175)
(0.00250000000004 0.000375 -0.0175)
(0.00250000000005 -0.000375 -0.0225)
(0.00250000000005 0 -0.0225)
(0.00250000000005 0.000375 -0.0225)
(0.00250000000007 -0.000375 -0.0275)
(0.00250000000007 0 -0.0275)
(0.00250000000007 0.000375 -0.0275)
(0.00250000000008 -0.000375 -0.0325)
(0.00250000000008 0 -0.0325)
(0.00250000000008 0.000375 -0.0325)
(0.00749999999993 -0.000375 0.0325)
(0.00749999999993 0 0.0325)
(0.00749999999993 0.000375 0.0325)
(0.00749999999994 -0.000375 0.0275)
(0.00749999999994 0 0.0275)
(0.00749999999994 0.000375 0.0275)
(0.00749999999995 -0.000375 0.0225)
(0.00749999999995 0 0.0225)
(0.00749999999995 0.000375 0.0225)
(0.00749999999996 -0.000375 0.0175)
(0.00749999999996 0 0.0175)
(0.00749999999996 0.000375 0.0175)
(0.00749999999997 -0.000375 0.0125)
(0.00749999999997 0 0.0125)
(0.00749999999997 0.000375 0.0125)
(0.00749999999998 -0.000375 0.00750000000001)
(0.00749999999998 0 0.00750000000001)
(0.00749999999998 0.000375 0.00750000000001)
(0.00749999999999 -0.000375 0.00250000000002)
(0.00749999999999 0 0.00250000000002)
(0.00749999999999 0.000375 0.00250000000002)
(0.0075 -0.000375 -0.00249999999998)
(0.0075 0 -0.00249999999998)
(0.0075 0.000375 -0.00249999999998)
(0.00750000000001 -0.000375 -0.00749999999998)
(0.00750000000001 0 -0.00749999999998)
(0.00750000000001 0.000375 -0.00749999999998)
(0.00750000000003 -0.000375 -0.0125)
(0.00750000000003 0 -0.0125)
(0.00750000000003 0.000375 -0.0125)
(0.00750000000004 -0.000375 -0.0175)
(0.00750000000004 0 -0.0175)
(0.00750000000004 0.000375 -0.0175)
(0.00750000000005 -0.000375 -0.0225)
(0.00750000000005 0 -0.0225)
(0.00750000000005 0.000375 -0.0225)
(0.00750000000006 -0.000375 -0.0275)
(0.00750000000006 0 -0.0275)
(0.00750000000006 0.000375 -0.0275)
(0.00750000000007 -0.000375 -0.0325)
(0.00750000000007 0 -0.0325)
(0.00750000000007 0.000375 -0.0325)
(0.0124999999999 -0.000375 0.0325)
(0.0124999999999 0 0.0325)
(0.0124999999999 0.000375 0.0325)
(0.0125 -0.000375 0.0275)
(0.0125 0 0.0275)
(0.0125 0.000375 0.0275)
(0.0125 -0.000375 0.0225)
(0.0125 0 0.0225)
(0.0125 0.000375 0.0225)
(0.0125 -0.000375 0.0175)
(0.0125 0 0.0175)
(0.0125 0.000375 0.0175)
(0.0125 -0.000375 0.0125)
(0.0125 0 0.0125)
(0.0125 0.000375 0.0125)
(0.0125 -0.000375 0.00750000000003)
(0.0125 0 0.00750000000003)
(0.0125 0.000375 0.00750000000003)
(0.0125 -0.000375 0.00250000000003)
(0.0125 0 0.00250000000003)
(0.0125 0.000375 0.00250000000003)
(0.0125 -0.000375 -0.00249999999997)
(0.0125 0 -0.00249999999997)
(0.0125 0.000375 -0.00249999999997)
(0.0125 -0.000375 -0.00749999999997)
(0.0125 0 -0.00749999999997)
(0.0125 0.000375 -0.00749999999997)
(0.0125 -0.000375 -0.0125)
(0.0125 0 -0.0125)
(0.0125 0.000375 -0.0125)
(0.0125 -0.000375 -0.0175)
(0.0125 0 -0.0175)
(0.0125 0.000375 -0.0175)
(0.0125 -0.000375 -0.0225)
(0.0125 0 -0.0225)
(0.0125 0.000375 -0.0225)
(0.0125 -0.000375 -0.0275)
(0.0125 0 -0.0275)
(0.0125 0.000375 -0.0275)
(0.0125000000001 -0.000375 -0.0325)
(0.0125000000001 0 -0.0325)
(0.0125000000001 0.000375 -0.0325)
(0.0175 -0.000375 0.0325)
(0.0175 0 0.0325)
(0.0175 0.000375 0.0325)
(0.0175 -0.000375 0.0275)
(0.0175 0 0.0275)
(0.0175 0.000375 0.0275)
(0.0175 -0.000375 0.0225)
(0.0175 0 0.0225)
(0.0175 0.000375 0.0225)
(0.0175 -0.000375 0.0175)
(0.0175 0 0.0175)
(0.0175 0.000375 0.0175)
(0.0175 -0.000375 0.0125)
(0.0175 0 0.0125)
(0.0175 0.000375 0.0125)
(0.0175 -0.000375 0.00750000000004)
(0.0175 0 0.00750000000004)
(0.0175 0.000375 0.00750000000004)
(0.0175 -0.000375 0.00250000000004)
(0.0175 0 0.00250000000004)
(0.0175 0.000375 0.00250000000004)
(0.0175 -0.000375 -0.00249999999996)
(0.0175 0 -0.00249999999996)
(0.0175 0.000375 -0.00249999999996)
(0.0175 -0.000375 -0.00749999999996)
(0.0175 0 -0.00749999999996)
(0.0175 0.000375 -0.00749999999996)
(0.0175 -0.000375 -0.0125)
(0.0175 0 -0.0125)
(0.0175 0.000375 -0.0125)
(0.0175 -0.000375 -0.0175)
(0.0175 0 -0.0175)
(0.0175 0.000375 -0.0175)
(0.0175 -0.000375 -0.0225)
(0.0175 0 -0.0225)
(0.0175 0.000375 -0.0225)
(0.0175 -0.000375 -0.0275)
(0.0175 0 -0.0275)
(0.0175 0.000375 -0.0275)
(0.0175 -0.000375 -0.0325)
(0.0175 0 -0.0325)
(0.0175 0.000375 -0.0325)
(0.0225 -0.000375 0.0325)
(0.0225 0 0.0325)
(0.0225 0.000375 0.0325)
(0.0225 -0.000375 0.0275)
(0.0225 0 0.0275)
(0.0225 0.000375 0.0275)
(0.0225 -0.000375 0.0225)
(0.0225 0 0.0225)
(0.0225 0.000375 0.0225)
(0.0225 -0.000375 0.0175)
(0.0225 0 0.0175)
(0.0225 0.000375 0.0175)
(0.0225 -0.000375 0.0125)
(0.0225 0 0.0125)
(0.0225 0.000375 0.0125)
(0.0225 -0.000375 0.00750000000005)
(0.0225 0 0.00750000000005)
(0.0225 0.000375 0.00750000000005)
(0.0225 -0.000375 0.00250000000005)
(0.0225 0 0.00250000000005)
(0.0225 0.000375 0.00250000000005)
(0.0225 -0.000375 -0.00249999999994)
(0.0225 0 -0.00249999999994)
(0.0225 0.000375 -0.00249999999994)
(0.0225 -0.000375 -0.00749999999995)
(0.0225 0 -0.00749999999995)
(0.0225 0.000375 -0.00749999999995)
(0.0225 -0.000375 -0.0125)
(0.0225 0 -0.0125)
(0.0225 0.000375 -0.0125)
(0.0225 -0.000375 -0.0175)
(0.0225 0 -0.0175)
(0.0225 0.000375 -0.0175)
(0.0225 -0.000375 -0.0225)
(0.0225 0 -0.0225)
(0.0225 0.000375 -0.0225)
(0.0225 -0.000375 -0.0275)
(0.0225 0 -0.0275)
(0.0225 0.000375 -0.0275)
(0.0225 -0.000375 -0.0325)
(0.0225 0 -0.0325)
(0.0225 0.000375 -0.0325)
(0.0275 -0.000375 0.0325)
(0.0275 0 0.0325)
(0.0275 0.000375 0.0325)
(0.0275 -0.000375 0.0275)
(0.0275 0 0.0275)
(0.0275 0.000375 0.0275)
(0.0275 -0.000375 0.0225)
(0.0275 0 0.0225)
(0.0275 0.000375 0.0225)
(0.0275 -0.000375 0.0175)
(0.0275 0 0.0175)
(0.0275 0.000375 0.0175)
(0.0275 -0.000375 0.0125)
(0.0275 0 0.0125)
(0.0275 0.000375 0.0125)
(0.0275 -0.000375 0.00750000000006)
(0.0275 0 0.00750000000006)
(0.0275 0.000375 0.00750000000006)
(0.0275 -0.000375 0.00250000000007)
(0.0275 0 0.00250000000007)
(0.0275 0.000375 0.00250000000007)
(0.0275 -0.000375 -0.00249999999993)
(0.0275 0 -0.00249999999993)
(0.0275 0.000375 -0.00249999999993)
(0.0275 -0.000375 -0.00749999999994)
(0.0275 0 -0.00749999999994)
(0.0275 0.000375 -0.00749999999994)
(0.0275 -0.000375 -0.0125)
(0.0275 0 -0.0125)
(0.0275 0.000375 -0.0125)
(0.0275 -0.000375 -0.0175)
(0.0275 0 -0.0175)
(0.0275 0.000375 -0.0175)
(0.0275 -0.000375 -0.0225)
(0.0275 0 -0.0225)
(0.0275 0.000375 -0.0225)
(0.0275 -0.000375 -0.0275)
(0.0275 0 -0.0275)
(0.0275 0.000375 -0.0275)
(0.0275 -0.000375 -0.0325)
(0.0275 0 -0.0325)
(0.0275 0.000375 -0.0325)
(0.0325 -0.000375 0.0325)
(0.0325 0 0.0325)
(0.0325 0.000375 0.0325)
(0.0325 -0.000375 0.0275)
(0.0325 0 0.0275)
(0.0325 0.000375 0.0275)
(0.0325 -0.000375 0.0225)
(0.0325 0 0.0225)
(0.0325 0.000375 0.0225)
(0.0325 -0.000375 0.0175)
(0.0325 0 0.0175)
(0.0325 0.000375 0.0175)
(0.0325 -0.000375 0.0125000000001)
(0.0325 0 0.0125000000001)
(0.0325 0.000375 0.0125000000001)
(0.0325 -0.000375 0.00750000000007)
(0.0325 0 0.00750000000007)
(0.0325 0.000375 0.00750000000007)
(0.0325 -0.000375 0.00250000000008)
(0.0325 0 0.00250000000008)
(0.0325 0.000375 0.00250000000008)
(0.0325 -0.000375 -0.00249999999992)
(0.0325 0 -0.00249999999992)
(0.0325 0.000375 -0.00249999999992)
(0.0325 -0.000375 -0.00749999999993)
(0.0325 0 -0.00749999999993)
(0.0325 0.000375 -0.00749999999993)
(0.0325 -0.000375 -0.0124999999999)
(0.0325 0 -0.0124999999999)
(0.0325 0.000375 -0.0124999999999)
(0.0325 -0.000375 -0.0175)
(0.0325 0 -0.0175)
(0.0325 0.000375 -0.0175)
(0.0325 -0.000375 -0.0225)
(0.0325 0 -0.0225)
(0.0325 0.000375 -0.0225)
(0.0325 -0.000375 -0.0275)
(0.0325 0 -0.0275)
(0.0325 0.000375 -0.0275)
(0.0325 -0.000375 -0.0325)
(0.0325 0 -0.0325)
(0.0325 0.000375 -0.0325)
)


// ************************************************************************* //
