/*--------------------------------*- C++ -*----------------------------------*\
| =========                 |                                                 |
| \\      /  F ield         | OpenFOAM: The Open Source CFD Toolbox           |
|  \\    /   O peration     | Version:  v1906                                 |
|   \\  /    A nd           | Web:      www.OpenFOAM.com                      |
|    \\/     M anipulation  |                                                 |
\*---------------------------------------------------------------------------*/
FoamFile
{
    version     2.0;
    format      ascii;
    class       labelList;
    note        "nPoints:9104  nCells:7335  nFaces:23685  nInternalFaces:20325";
    location    "constant/fluid/polyMesh";
    object      neighbour;
}
// * * * * * * * * * * * * * * * * * * * * * * * * * * * * * * * * * * * * * //


20325
(
1
15
45
135
1395
2
16
46
136
1396
3
17
47
137
1397
4
18
48
138
1398
5
19
49
139
1399
6
20
50
140
1400
7
21
51
141
1401
8
22
52
142
1402
9
23
53
143
1403
10
24
54
144
1404
11
25
55
145
1405
12
26
56
146
1406
13
27
57
147
1407
14
28
58
148
1408
29
59
149
1409
16
30
60
1410
17
31
61
1411
18
32
62
1412
19
33
63
1413
20
34
64
1414
21
35
65
1415
22
36
66
1416
23
37
67
1417
24
38
68
1418
25
39
69
1419
26
40
70
1420
27
41
71
1421
28
42
72
1422
29
43
73
1423
44
74
1424
31
75
1425
32
76
1426
33
77
1427
34
78
1428
35
79
1429
36
80
1430
37
81
1431
38
82
1432
39
83
1433
40
84
1434
41
85
1435
42
86
1436
43
87
1437
44
88
1438
89
1439
46
60
90
150
47
61
91
151
48
62
92
152
49
63
93
153
50
64
94
154
51
65
95
155
52
66
96
156
53
67
97
157
54
68
98
158
55
69
99
159
56
70
100
160
57
71
101
161
58
72
102
162
59
73
103
163
74
104
164
61
75
105
62
76
106
63
77
107
64
78
108
65
79
109
66
80
110
67
81
111
68
82
112
69
83
113
70
84
114
71
85
115
72
86
116
73
87
117
74
88
118
89
119
76
120
77
121
78
122
79
123
80
124
81
125
82
126
83
127
84
128
85
129
86
130
87
131
88
132
89
133
134
91
105
165
92
106
166
93
107
167
94
108
168
95
109
169
96
110
170
97
111
171
98
112
172
99
113
173
100
114
174
101
115
175
102
116
176
103
117
177
104
118
178
119
179
106
120
107
121
108
122
109
123
110
124
111
125
112
126
113
127
114
128
115
129
116
130
117
131
118
132
119
133
134
121
122
123
124
125
126
127
128
129
130
131
132
133
134
136
150
180
1395
137
151
181
1396
138
152
182
1397
139
153
183
1398
140
154
184
1399
141
155
185
1400
142
156
186
1401
143
157
187
1402
144
158
188
1403
145
159
189
1404
146
160
190
1405
147
161
191
1406
148
162
192
1407
149
163
193
1408
164
194
1409
151
165
195
152
166
196
153
167
197
154
168
198
155
169
199
156
170
200
157
171
201
158
172
202
159
173
203
160
174
204
161
175
205
162
176
206
163
177
207
164
178
208
179
209
166
210
167
211
168
212
169
213
170
214
171
215
172
216
173
217
174
218
175
219
176
220
177
221
178
222
179
223
224
181
195
225
1440
182
196
226
1441
183
197
227
1442
184
198
228
1443
185
199
229
1444
186
200
230
1445
187
201
231
1446
188
202
232
1447
189
203
233
1448
190
204
234
1449
191
205
235
1450
192
206
236
1451
193
207
237
1452
194
208
238
1453
209
239
1454
196
210
240
197
211
241
198
212
242
199
213
243
200
214
244
201
215
245
202
216
246
203
217
247
204
218
248
205
219
249
206
220
250
207
221
251
208
222
252
209
223
253
224
254
211
255
212
256
213
257
214
258
215
259
216
260
217
261
218
262
219
263
220
264
221
265
222
266
223
267
224
268
269
226
240
270
1485
227
241
271
1486
228
242
272
1487
229
243
273
1488
230
244
274
1489
231
245
275
1490
232
246
276
1491
233
247
277
1492
234
248
278
1493
235
249
279
1494
236
250
280
1495
237
251
281
1496
238
252
282
1497
239
253
283
1498
254
284
1499
241
255
285
242
256
286
243
257
287
244
258
288
245
259
289
246
260
290
247
261
291
248
262
292
249
263
293
250
264
294
251
265
295
252
266
296
253
267
297
254
268
298
269
299
256
300
257
301
258
302
259
303
260
304
261
305
262
306
263
307
264
308
265
309
266
310
267
311
268
312
269
313
314
271
285
315
1530
272
286
316
1531
273
287
317
1532
274
288
318
1533
275
289
319
1534
276
290
320
1535
277
291
321
1536
278
292
322
1537
279
293
323
1538
280
294
324
1539
281
295
325
1540
282
296
326
1541
283
297
327
1542
284
298
328
1543
299
329
1544
286
300
330
287
301
331
288
302
332
289
303
333
290
304
334
291
305
335
292
306
336
293
307
337
294
308
338
295
309
339
296
310
340
297
311
341
298
312
342
299
313
343
314
344
301
345
302
346
303
347
304
348
305
349
306
350
307
351
308
352
309
353
310
354
311
355
312
356
313
357
314
358
359
316
330
360
1575
317
331
361
1576
318
332
362
1577
319
333
363
1578
320
334
364
1579
321
335
365
1580
322
336
366
1581
323
337
367
1582
324
338
368
1583
325
339
369
1584
326
340
370
1585
327
341
371
1586
328
342
372
1587
329
343
373
1588
344
374
1589
331
345
375
332
346
376
333
347
377
334
348
378
335
349
379
336
350
380
337
351
381
338
352
382
339
353
383
340
354
384
341
355
385
342
356
386
343
357
387
344
358
388
359
389
346
390
347
391
348
392
349
393
350
394
351
395
352
396
353
397
354
398
355
399
356
400
357
401
358
402
359
403
404
361
375
405
1620
362
376
406
1621
363
377
407
1622
364
378
408
1623
365
379
409
1624
366
380
410
1625
367
381
411
1626
368
382
412
1627
369
383
413
1628
370
384
414
1629
371
385
415
1630
372
386
416
1631
373
387
417
1632
374
388
418
1633
389
419
1634
376
390
420
377
391
421
378
392
422
379
393
423
380
394
424
381
395
425
382
396
426
383
397
427
384
398
428
385
399
429
386
400
430
387
401
431
388
402
432
389
403
433
404
434
391
435
392
436
393
437
394
438
395
439
396
440
397
441
398
442
399
443
400
444
401
445
402
446
403
447
404
448
449
406
420
450
1665
407
421
451
1666
408
422
452
1667
409
423
453
1668
410
424
454
1669
411
425
455
1670
412
426
456
1671
413
427
457
1672
414
428
458
1673
415
429
459
1674
416
430
460
1675
417
431
461
1676
418
432
462
1677
419
433
463
1678
434
464
1679
421
435
465
422
436
466
423
437
467
424
438
468
425
439
469
426
440
470
427
441
471
428
442
472
429
443
473
430
444
474
431
445
475
432
446
476
433
447
477
434
448
478
449
479
436
480
437
481
438
482
439
483
440
484
441
485
442
486
443
487
444
488
445
489
446
490
447
491
448
492
449
493
494
451
465
495
1710
452
466
496
1711
453
467
497
1712
454
468
498
1713
455
469
499
1714
456
470
500
1715
457
471
501
1716
458
472
502
1717
459
473
503
1718
460
474
504
1719
461
475
505
1720
462
476
506
1721
463
477
507
1722
464
478
508
1723
479
509
1724
466
480
510
467
481
511
468
482
512
469
483
513
470
484
514
471
485
515
472
486
516
473
487
517
474
488
518
475
489
519
476
490
520
477
491
521
478
492
522
479
493
523
494
524
481
525
482
526
483
527
484
528
485
529
486
530
487
531
488
532
489
533
490
534
491
535
492
536
493
537
494
538
539
496
510
1110
1755
497
511
1111
1756
498
512
1112
1757
499
513
1113
1758
500
514
1114
1759
501
515
1115
1760
502
516
1116
1761
503
517
1117
1762
504
518
1118
1763
505
519
1119
1764
506
520
1120
1765
507
521
1121
1766
508
522
1122
1767
509
523
1123
1768
524
1124
1769
511
525
825
512
526
826
513
527
827
514
528
828
515
529
829
516
530
830
517
531
831
518
532
832
519
533
833
520
534
834
521
535
835
522
536
836
523
537
837
524
538
838
539
839
526
540
527
541
528
542
529
543
530
544
531
545
532
546
533
547
534
548
535
549
536
550
537
551
538
552
539
553
554
541
555
825
542
556
826
543
557
827
544
558
828
545
559
829
546
560
830
547
561
831
548
562
832
549
563
833
550
564
834
551
565
835
552
566
836
553
567
837
554
568
838
569
839
3225
556
570
840
557
571
841
558
572
842
559
573
843
560
574
844
561
575
845
562
576
846
563
577
847
564
578
848
565
579
849
566
580
850
567
581
851
568
582
852
569
583
853
584
854
3235
571
585
855
572
586
856
573
587
857
574
588
858
575
589
859
576
590
860
577
591
861
578
592
862
579
593
863
580
594
864
581
595
865
582
596
866
583
597
867
584
598
868
599
869
3245
586
600
870
587
601
871
588
602
872
589
603
873
590
604
874
591
605
875
592
606
876
593
607
877
594
608
878
595
609
879
596
610
880
597
611
881
598
612
882
599
613
883
614
884
3255
601
615
885
602
616
886
603
617
887
604
618
888
605
619
889
606
620
890
607
621
891
608
622
892
609
623
893
610
624
894
611
625
895
612
626
896
613
627
897
614
628
898
629
899
3265
616
630
900
617
631
901
618
632
902
619
633
903
620
634
904
621
635
905
622
636
906
623
637
907
624
638
908
625
639
909
626
640
910
627
641
911
628
642
912
629
643
913
644
914
3275
631
645
915
632
646
916
633
647
917
634
648
918
635
649
919
636
650
920
637
651
921
638
652
922
639
653
923
640
654
924
641
655
925
642
656
926
643
657
927
644
658
928
659
929
3285
646
660
930
647
661
931
648
662
932
649
663
933
650
664
934
651
665
935
652
666
936
653
667
937
654
668
938
655
669
939
656
670
940
657
671
941
658
672
942
659
673
943
674
944
3295
661
675
945
662
676
946
663
677
947
664
678
948
665
679
949
666
680
950
667
681
951
668
682
952
669
683
953
670
684
954
671
685
955
672
686
956
673
687
957
674
688
958
689
959
3305
676
690
960
677
691
961
678
692
962
679
693
963
680
694
964
681
695
965
682
696
966
683
697
967
684
698
968
685
699
969
686
700
970
687
701
971
688
702
972
689
703
973
704
974
3315
691
705
975
692
706
976
693
707
977
694
708
978
695
709
979
696
710
980
697
711
981
698
712
982
699
713
983
700
714
984
701
715
985
702
716
986
703
717
987
704
718
988
719
989
3325
706
720
990
707
721
991
708
722
992
709
723
993
710
724
994
711
725
995
712
726
996
713
727
997
714
728
998
715
729
999
716
730
1000
717
731
1001
718
732
1002
719
733
1003
734
1004
3335
721
735
1005
722
736
1006
723
737
1007
724
738
1008
725
739
1009
726
740
1010
727
741
1011
728
742
1012
729
743
1013
730
744
1014
731
745
1015
732
746
1016
733
747
1017
734
748
1018
749
1019
3345
736
750
1020
737
751
1021
738
752
1022
739
753
1023
740
754
1024
741
755
1025
742
756
1026
743
757
1027
744
758
1028
745
759
1029
746
760
1030
747
761
1031
748
762
1032
749
763
1033
764
1034
3355
751
765
1035
752
766
1036
753
767
1037
754
768
1038
755
769
1039
756
770
1040
757
771
1041
758
772
1042
759
773
1043
760
774
1044
761
775
1045
762
776
1046
763
777
1047
764
778
1048
779
1049
3365
766
780
1050
767
781
1051
768
782
1052
769
783
1053
770
784
1054
771
785
1055
772
786
1056
773
787
1057
774
788
1058
775
789
1059
776
790
1060
777
791
1061
778
792
1062
779
793
1063
794
1064
3375
781
795
1065
782
796
1066
783
797
1067
784
798
1068
785
799
1069
786
800
1070
787
801
1071
788
802
1072
789
803
1073
790
804
1074
791
805
1075
792
806
1076
793
807
1077
794
808
1078
809
1079
3385
796
810
1080
797
811
1081
798
812
1082
799
813
1083
800
814
1084
801
815
1085
802
816
1086
803
817
1087
804
818
1088
805
819
1089
806
820
1090
807
821
1091
808
822
1092
809
823
1093
824
1094
3395
811
1095
812
1096
813
1097
814
1098
815
1099
816
1100
817
1101
818
1102
819
1103
820
1104
821
1105
822
1106
823
1107
824
1108
1109
3405
826
840
1110
827
841
1111
828
842
1112
829
843
1113
830
844
1114
831
845
1115
832
846
1116
833
847
1117
834
848
1118
835
849
1119
836
850
1120
837
851
1121
838
852
1122
839
853
1123
854
1124
3415
841
855
1125
842
856
1126
843
857
1127
844
858
1128
845
859
1129
846
860
1130
847
861
1131
848
862
1132
849
863
1133
850
864
1134
851
865
1135
852
866
1136
853
867
1137
854
868
1138
869
1139
3425
856
870
1140
857
871
1141
858
872
1142
859
873
1143
860
874
1144
861
875
1145
862
876
1146
863
877
1147
864
878
1148
865
879
1149
866
880
1150
867
881
1151
868
882
1152
869
883
1153
884
1154
3435
871
885
1155
872
886
1156
873
887
1157
874
888
1158
875
889
1159
876
890
1160
877
891
1161
878
892
1162
879
893
1163
880
894
1164
881
895
1165
882
896
1166
883
897
1167
884
898
1168
899
1169
3445
886
900
1170
887
901
1171
888
902
1172
889
903
1173
890
904
1174
891
905
1175
892
906
1176
893
907
1177
894
908
1178
895
909
1179
896
910
1180
897
911
1181
898
912
1182
899
913
1183
914
1184
3455
901
915
1185
902
916
1186
903
917
1187
904
918
1188
905
919
1189
906
920
1190
907
921
1191
908
922
1192
909
923
1193
910
924
1194
911
925
1195
912
926
1196
913
927
1197
914
928
1198
929
1199
3465
916
930
1200
917
931
1201
918
932
1202
919
933
1203
920
934
1204
921
935
1205
922
936
1206
923
937
1207
924
938
1208
925
939
1209
926
940
1210
927
941
1211
928
942
1212
929
943
1213
944
1214
3475
931
945
1215
932
946
1216
933
947
1217
934
948
1218
935
949
1219
936
950
1220
937
951
1221
938
952
1222
939
953
1223
940
954
1224
941
955
1225
942
956
1226
943
957
1227
944
958
1228
959
1229
3485
946
960
1230
947
961
1231
948
962
1232
949
963
1233
950
964
1234
951
965
1235
952
966
1236
953
967
1237
954
968
1238
955
969
1239
956
970
1240
957
971
1241
958
972
1242
959
973
1243
974
1244
3495
961
975
1245
962
976
1246
963
977
1247
964
978
1248
965
979
1249
966
980
1250
967
981
1251
968
982
1252
969
983
1253
970
984
1254
971
985
1255
972
986
1256
973
987
1257
974
988
1258
989
1259
3505
976
990
1260
977
991
1261
978
992
1262
979
993
1263
980
994
1264
981
995
1265
982
996
1266
983
997
1267
984
998
1268
985
999
1269
986
1000
1270
987
1001
1271
988
1002
1272
989
1003
1273
1004
1274
3515
991
1005
1275
992
1006
1276
993
1007
1277
994
1008
1278
995
1009
1279
996
1010
1280
997
1011
1281
998
1012
1282
999
1013
1283
1000
1014
1284
1001
1015
1285
1002
1016
1286
1003
1017
1287
1004
1018
1288
1019
1289
3525
1006
1020
1290
1007
1021
1291
1008
1022
1292
1009
1023
1293
1010
1024
1294
1011
1025
1295
1012
1026
1296
1013
1027
1297
1014
1028
1298
1015
1029
1299
1016
1030
1300
1017
1031
1301
1018
1032
1302
1019
1033
1303
1034
1304
3535
1021
1035
1305
1022
1036
1306
1023
1037
1307
1024
1038
1308
1025
1039
1309
1026
1040
1310
1027
1041
1311
1028
1042
1312
1029
1043
1313
1030
1044
1314
1031
1045
1315
1032
1046
1316
1033
1047
1317
1034
1048
1318
1049
1319
3545
1036
1050
1320
1037
1051
1321
1038
1052
1322
1039
1053
1323
1040
1054
1324
1041
1055
1325
1042
1056
1326
1043
1057
1327
1044
1058
1328
1045
1059
1329
1046
1060
1330
1047
1061
1331
1048
1062
1332
1049
1063
1333
1064
1334
3555
1051
1065
1335
1052
1066
1336
1053
1067
1337
1054
1068
1338
1055
1069
1339
1056
1070
1340
1057
1071
1341
1058
1072
1342
1059
1073
1343
1060
1074
1344
1061
1075
1345
1062
1076
1346
1063
1077
1347
1064
1078
1348
1079
1349
3565
1066
1080
1350
1067
1081
1351
1068
1082
1352
1069
1083
1353
1070
1084
1354
1071
1085
1355
1072
1086
1356
1073
1087
1357
1074
1088
1358
1075
1089
1359
1076
1090
1360
1077
1091
1361
1078
1092
1362
1079
1093
1363
1094
1364
3575
1081
1095
1365
1082
1096
1366
1083
1097
1367
1084
1098
1368
1085
1099
1369
1086
1100
1370
1087
1101
1371
1088
1102
1372
1089
1103
1373
1090
1104
1374
1091
1105
1375
1092
1106
1376
1093
1107
1377
1094
1108
1378
1109
1379
3585
1096
1380
1097
1381
1098
1382
1099
1383
1100
1384
1101
1385
1102
1386
1103
1387
1104
1388
1105
1389
1106
1390
1107
1391
1108
1392
1109
1393
1394
3595
1111
1125
1800
1112
1126
1801
1113
1127
1802
1114
1128
1803
1115
1129
1804
1116
1130
1805
1117
1131
1806
1118
1132
1807
1119
1133
1808
1120
1134
1809
1121
1135
1810
1122
1136
1811
1123
1137
1812
1124
1138
1813
1139
1814
3605
1126
1140
1845
1127
1141
1846
1128
1142
1847
1129
1143
1848
1130
1144
1849
1131
1145
1850
1132
1146
1851
1133
1147
1852
1134
1148
1853
1135
1149
1854
1136
1150
1855
1137
1151
1856
1138
1152
1857
1139
1153
1858
1154
1859
3615
1141
1155
1890
1142
1156
1891
1143
1157
1892
1144
1158
1893
1145
1159
1894
1146
1160
1895
1147
1161
1896
1148
1162
1897
1149
1163
1898
1150
1164
1899
1151
1165
1900
1152
1166
1901
1153
1167
1902
1154
1168
1903
1169
1904
3625
1156
1170
1935
1157
1171
1936
1158
1172
1937
1159
1173
1938
1160
1174
1939
1161
1175
1940
1162
1176
1941
1163
1177
1942
1164
1178
1943
1165
1179
1944
1166
1180
1945
1167
1181
1946
1168
1182
1947
1169
1183
1948
1184
1949
3635
1171
1185
1980
1172
1186
1981
1173
1187
1982
1174
1188
1983
1175
1189
1984
1176
1190
1985
1177
1191
1986
1178
1192
1987
1179
1193
1988
1180
1194
1989
1181
1195
1990
1182
1196
1991
1183
1197
1992
1184
1198
1993
1199
1994
3645
1186
1200
2025
1187
1201
2026
1188
1202
2027
1189
1203
2028
1190
1204
2029
1191
1205
2030
1192
1206
2031
1193
1207
2032
1194
1208
2033
1195
1209
2034
1196
1210
2035
1197
1211
2036
1198
1212
2037
1199
1213
2038
1214
2039
3655
1201
1215
2070
1202
1216
2071
1203
1217
2072
1204
1218
2073
1205
1219
2074
1206
1220
2075
1207
1221
2076
1208
1222
2077
1209
1223
2078
1210
1224
2079
1211
1225
2080
1212
1226
2081
1213
1227
2082
1214
1228
2083
1229
2084
3665
1216
1230
2115
1217
1231
2116
1218
1232
2117
1219
1233
2118
1220
1234
2119
1221
1235
2120
1222
1236
2121
1223
1237
2122
1224
1238
2123
1225
1239
2124
1226
1240
2125
1227
1241
2126
1228
1242
2127
1229
1243
2128
1244
2129
3675
1231
1245
2160
1232
1246
2161
1233
1247
2162
1234
1248
2163
1235
1249
2164
1236
1250
2165
1237
1251
2166
1238
1252
2167
1239
1253
2168
1240
1254
2169
1241
1255
2170
1242
1256
2171
1243
1257
2172
1244
1258
2173
1259
2174
3685
1246
1260
2205
1247
1261
2206
1248
1262
2207
1249
1263
2208
1250
1264
2209
1251
1265
2210
1252
1266
2211
1253
1267
2212
1254
1268
2213
1255
1269
2214
1256
1270
2215
1257
1271
2216
1258
1272
2217
1259
1273
2218
1274
2219
3695
1261
1275
2250
1262
1276
2251
1263
1277
2252
1264
1278
2253
1265
1279
2254
1266
1280
2255
1267
1281
2256
1268
1282
2257
1269
1283
2258
1270
1284
2259
1271
1285
2260
1272
1286
2261
1273
1287
2262
1274
1288
2263
1289
2264
3705
1276
1290
2295
1277
1291
2296
1278
1292
2297
1279
1293
2298
1280
1294
2299
1281
1295
2300
1282
1296
2301
1283
1297
2302
1284
1298
2303
1285
1299
2304
1286
1300
2305
1287
1301
2306
1288
1302
2307
1289
1303
2308
1304
2309
3715
1291
1305
2340
1292
1306
2341
1293
1307
2342
1294
1308
2343
1295
1309
2344
1296
1310
2345
1297
1311
2346
1298
1312
2347
1299
1313
2348
1300
1314
2349
1301
1315
2350
1302
1316
2351
1303
1317
2352
1304
1318
2353
1319
2354
3725
1306
1320
2385
1307
1321
2386
1308
1322
2387
1309
1323
2388
1310
1324
2389
1311
1325
2390
1312
1326
2391
1313
1327
2392
1314
1328
2393
1315
1329
2394
1316
1330
2395
1317
1331
2396
1318
1332
2397
1319
1333
2398
1334
2399
3735
1321
1335
2430
1322
1336
2431
1323
1337
2432
1324
1338
2433
1325
1339
2434
1326
1340
2435
1327
1341
2436
1328
1342
2437
1329
1343
2438
1330
1344
2439
1331
1345
2440
1332
1346
2441
1333
1347
2442
1334
1348
2443
1349
2444
3745
1336
1350
2475
1337
1351
2476
1338
1352
2477
1339
1353
2478
1340
1354
2479
1341
1355
2480
1342
1356
2481
1343
1357
2482
1344
1358
2483
1345
1359
2484
1346
1360
2485
1347
1361
2486
1348
1362
2487
1349
1363
2488
1364
2489
3755
1351
1365
2520
1352
1366
2521
1353
1367
2522
1354
1368
2523
1355
1369
2524
1356
1370
2525
1357
1371
2526
1358
1372
2527
1359
1373
2528
1360
1374
2529
1361
1375
2530
1362
1376
2531
1363
1377
2532
1364
1378
2533
1379
2534
3765
1366
1380
2565
1367
1381
2566
1368
1382
2567
1369
1383
2568
1370
1384
2569
1371
1385
2570
1372
1386
2571
1373
1387
2572
1374
1388
2573
1375
1389
2574
1376
1390
2575
1377
1391
2576
1378
1392
2577
1379
1393
2578
1394
2579
3775
1381
2610
1382
2611
1383
2612
1384
2613
1385
2614
1386
2615
1387
2616
1388
2617
1389
2618
1390
2619
1391
2620
1392
2621
1393
2622
1394
2623
2624
3785
1396
1410
1440
1397
1411
1441
1398
1412
1442
1399
1413
1443
1400
1414
1444
1401
1415
1445
1402
1416
1446
1403
1417
1447
1404
1418
1448
1405
1419
1449
1406
1420
1450
1407
1421
1451
1408
1422
1452
1409
1423
1453
1424
1454
1411
1425
1455
1412
1426
1456
1413
1427
1457
1414
1428
1458
1415
1429
1459
1416
1430
1460
1417
1431
1461
1418
1432
1462
1419
1433
1463
1420
1434
1464
1421
1435
1465
1422
1436
1466
1423
1437
1467
1424
1438
1468
1439
1469
1426
1470
1427
1471
1428
1472
1429
1473
1430
1474
1431
1475
1432
1476
1433
1477
1434
1478
1435
1479
1436
1480
1437
1481
1438
1482
1439
1483
1484
1441
1455
1485
1442
1456
1486
1443
1457
1487
1444
1458
1488
1445
1459
1489
1446
1460
1490
1447
1461
1491
1448
1462
1492
1449
1463
1493
1450
1464
1494
1451
1465
1495
1452
1466
1496
1453
1467
1497
1454
1468
1498
1469
1499
1456
1470
1500
1457
1471
1501
1458
1472
1502
1459
1473
1503
1460
1474
1504
1461
1475
1505
1462
1476
1506
1463
1477
1507
1464
1478
1508
1465
1479
1509
1466
1480
1510
1467
1481
1511
1468
1482
1512
1469
1483
1513
1484
1514
1471
1515
1472
1516
1473
1517
1474
1518
1475
1519
1476
1520
1477
1521
1478
1522
1479
1523
1480
1524
1481
1525
1482
1526
1483
1527
1484
1528
1529
1486
1500
1530
1487
1501
1531
1488
1502
1532
1489
1503
1533
1490
1504
1534
1491
1505
1535
1492
1506
1536
1493
1507
1537
1494
1508
1538
1495
1509
1539
1496
1510
1540
1497
1511
1541
1498
1512
1542
1499
1513
1543
1514
1544
1501
1515
1545
1502
1516
1546
1503
1517
1547
1504
1518
1548
1505
1519
1549
1506
1520
1550
1507
1521
1551
1508
1522
1552
1509
1523
1553
1510
1524
1554
1511
1525
1555
1512
1526
1556
1513
1527
1557
1514
1528
1558
1529
1559
1516
1560
1517
1561
1518
1562
1519
1563
1520
1564
1521
1565
1522
1566
1523
1567
1524
1568
1525
1569
1526
1570
1527
1571
1528
1572
1529
1573
1574
1531
1545
1575
1532
1546
1576
1533
1547
1577
1534
1548
1578
1535
1549
1579
1536
1550
1580
1537
1551
1581
1538
1552
1582
1539
1553
1583
1540
1554
1584
1541
1555
1585
1542
1556
1586
1543
1557
1587
1544
1558
1588
1559
1589
1546
1560
1590
1547
1561
1591
1548
1562
1592
1549
1563
1593
1550
1564
1594
1551
1565
1595
1552
1566
1596
1553
1567
1597
1554
1568
1598
1555
1569
1599
1556
1570
1600
1557
1571
1601
1558
1572
1602
1559
1573
1603
1574
1604
1561
1605
1562
1606
1563
1607
1564
1608
1565
1609
1566
1610
1567
1611
1568
1612
1569
1613
1570
1614
1571
1615
1572
1616
1573
1617
1574
1618
1619
1576
1590
1620
1577
1591
1621
1578
1592
1622
1579
1593
1623
1580
1594
1624
1581
1595
1625
1582
1596
1626
1583
1597
1627
1584
1598
1628
1585
1599
1629
1586
1600
1630
1587
1601
1631
1588
1602
1632
1589
1603
1633
1604
1634
1591
1605
1635
1592
1606
1636
1593
1607
1637
1594
1608
1638
1595
1609
1639
1596
1610
1640
1597
1611
1641
1598
1612
1642
1599
1613
1643
1600
1614
1644
1601
1615
1645
1602
1616
1646
1603
1617
1647
1604
1618
1648
1619
1649
1606
1650
1607
1651
1608
1652
1609
1653
1610
1654
1611
1655
1612
1656
1613
1657
1614
1658
1615
1659
1616
1660
1617
1661
1618
1662
1619
1663
1664
1621
1635
1665
1622
1636
1666
1623
1637
1667
1624
1638
1668
1625
1639
1669
1626
1640
1670
1627
1641
1671
1628
1642
1672
1629
1643
1673
1630
1644
1674
1631
1645
1675
1632
1646
1676
1633
1647
1677
1634
1648
1678
1649
1679
1636
1650
1680
1637
1651
1681
1638
1652
1682
1639
1653
1683
1640
1654
1684
1641
1655
1685
1642
1656
1686
1643
1657
1687
1644
1658
1688
1645
1659
1689
1646
1660
1690
1647
1661
1691
1648
1662
1692
1649
1663
1693
1664
1694
1651
1695
1652
1696
1653
1697
1654
1698
1655
1699
1656
1700
1657
1701
1658
1702
1659
1703
1660
1704
1661
1705
1662
1706
1663
1707
1664
1708
1709
1666
1680
1710
1667
1681
1711
1668
1682
1712
1669
1683
1713
1670
1684
1714
1671
1685
1715
1672
1686
1716
1673
1687
1717
1674
1688
1718
1675
1689
1719
1676
1690
1720
1677
1691
1721
1678
1692
1722
1679
1693
1723
1694
1724
1681
1695
1725
1682
1696
1726
1683
1697
1727
1684
1698
1728
1685
1699
1729
1686
1700
1730
1687
1701
1731
1688
1702
1732
1689
1703
1733
1690
1704
1734
1691
1705
1735
1692
1706
1736
1693
1707
1737
1694
1708
1738
1709
1739
1696
1740
1697
1741
1698
1742
1699
1743
1700
1744
1701
1745
1702
1746
1703
1747
1704
1748
1705
1749
1706
1750
1707
1751
1708
1752
1709
1753
1754
1711
1725
1755
1712
1726
1756
1713
1727
1757
1714
1728
1758
1715
1729
1759
1716
1730
1760
1717
1731
1761
1718
1732
1762
1719
1733
1763
1720
1734
1764
1721
1735
1765
1722
1736
1766
1723
1737
1767
1724
1738
1768
1739
1769
1726
1740
1770
1727
1741
1771
1728
1742
1772
1729
1743
1773
1730
1744
1774
1731
1745
1775
1732
1746
1776
1733
1747
1777
1734
1748
1778
1735
1749
1779
1736
1750
1780
1737
1751
1781
1738
1752
1782
1739
1753
1783
1754
1784
1741
1785
1742
1786
1743
1787
1744
1788
1745
1789
1746
1790
1747
1791
1748
1792
1749
1793
1750
1794
1751
1795
1752
1796
1753
1797
1754
1798
1799
1756
1770
1800
1757
1771
1801
1758
1772
1802
1759
1773
1803
1760
1774
1804
1761
1775
1805
1762
1776
1806
1763
1777
1807
1764
1778
1808
1765
1779
1809
1766
1780
1810
1767
1781
1811
1768
1782
1812
1769
1783
1813
1784
1814
1771
1785
1815
1772
1786
1816
1773
1787
1817
1774
1788
1818
1775
1789
1819
1776
1790
1820
1777
1791
1821
1778
1792
1822
1779
1793
1823
1780
1794
1824
1781
1795
1825
1782
1796
1826
1783
1797
1827
1784
1798
1828
1799
1829
1786
1830
1787
1831
1788
1832
1789
1833
1790
1834
1791
1835
1792
1836
1793
1837
1794
1838
1795
1839
1796
1840
1797
1841
1798
1842
1799
1843
1844
1801
1815
1845
1802
1816
1846
1803
1817
1847
1804
1818
1848
1805
1819
1849
1806
1820
1850
1807
1821
1851
1808
1822
1852
1809
1823
1853
1810
1824
1854
1811
1825
1855
1812
1826
1856
1813
1827
1857
1814
1828
1858
1829
1859
2655
1816
1830
1860
1817
1831
1861
1818
1832
1862
1819
1833
1863
1820
1834
1864
1821
1835
1865
1822
1836
1866
1823
1837
1867
1824
1838
1868
1825
1839
1869
1826
1840
1870
1827
1841
1871
1828
1842
1872
1829
1843
1873
1844
1874
2665
1831
1875
1832
1876
1833
1877
1834
1878
1835
1879
1836
1880
1837
1881
1838
1882
1839
1883
1840
1884
1841
1885
1842
1886
1843
1887
1844
1888
1889
2675
1846
1860
1890
1847
1861
1891
1848
1862
1892
1849
1863
1893
1850
1864
1894
1851
1865
1895
1852
1866
1896
1853
1867
1897
1854
1868
1898
1855
1869
1899
1856
1870
1900
1857
1871
1901
1858
1872
1902
1859
1873
1903
1874
1904
2685
1861
1875
1905
1862
1876
1906
1863
1877
1907
1864
1878
1908
1865
1879
1909
1866
1880
1910
1867
1881
1911
1868
1882
1912
1869
1883
1913
1870
1884
1914
1871
1885
1915
1872
1886
1916
1873
1887
1917
1874
1888
1918
1889
1919
2695
1876
1920
1877
1921
1878
1922
1879
1923
1880
1924
1881
1925
1882
1926
1883
1927
1884
1928
1885
1929
1886
1930
1887
1931
1888
1932
1889
1933
1934
2705
1891
1905
1935
1892
1906
1936
1893
1907
1937
1894
1908
1938
1895
1909
1939
1896
1910
1940
1897
1911
1941
1898
1912
1942
1899
1913
1943
1900
1914
1944
1901
1915
1945
1902
1916
1946
1903
1917
1947
1904
1918
1948
1919
1949
2715
1906
1920
1950
1907
1921
1951
1908
1922
1952
1909
1923
1953
1910
1924
1954
1911
1925
1955
1912
1926
1956
1913
1927
1957
1914
1928
1958
1915
1929
1959
1916
1930
1960
1917
1931
1961
1918
1932
1962
1919
1933
1963
1934
1964
2725
1921
1965
1922
1966
1923
1967
1924
1968
1925
1969
1926
1970
1927
1971
1928
1972
1929
1973
1930
1974
1931
1975
1932
1976
1933
1977
1934
1978
1979
2735
1936
1950
1980
1937
1951
1981
1938
1952
1982
1939
1953
1983
1940
1954
1984
1941
1955
1985
1942
1956
1986
1943
1957
1987
1944
1958
1988
1945
1959
1989
1946
1960
1990
1947
1961
1991
1948
1962
1992
1949
1963
1993
1964
1994
2745
1951
1965
1995
1952
1966
1996
1953
1967
1997
1954
1968
1998
1955
1969
1999
1956
1970
2000
1957
1971
2001
1958
1972
2002
1959
1973
2003
1960
1974
2004
1961
1975
2005
1962
1976
2006
1963
1977
2007
1964
1978
2008
1979
2009
2755
1966
2010
1967
2011
1968
2012
1969
2013
1970
2014
1971
2015
1972
2016
1973
2017
1974
2018
1975
2019
1976
2020
1977
2021
1978
2022
1979
2023
2024
2765
1981
1995
2025
1982
1996
2026
1983
1997
2027
1984
1998
2028
1985
1999
2029
1986
2000
2030
1987
2001
2031
1988
2002
2032
1989
2003
2033
1990
2004
2034
1991
2005
2035
1992
2006
2036
1993
2007
2037
1994
2008
2038
2009
2039
2775
1996
2010
2040
1997
2011
2041
1998
2012
2042
1999
2013
2043
2000
2014
2044
2001
2015
2045
2002
2016
2046
2003
2017
2047
2004
2018
2048
2005
2019
2049
2006
2020
2050
2007
2021
2051
2008
2022
2052
2009
2023
2053
2024
2054
2785
2011
2055
2012
2056
2013
2057
2014
2058
2015
2059
2016
2060
2017
2061
2018
2062
2019
2063
2020
2064
2021
2065
2022
2066
2023
2067
2024
2068
2069
2795
2026
2040
2070
2027
2041
2071
2028
2042
2072
2029
2043
2073
2030
2044
2074
2031
2045
2075
2032
2046
2076
2033
2047
2077
2034
2048
2078
2035
2049
2079
2036
2050
2080
2037
2051
2081
2038
2052
2082
2039
2053
2083
2054
2084
2805
2041
2055
2085
2042
2056
2086
2043
2057
2087
2044
2058
2088
2045
2059
2089
2046
2060
2090
2047
2061
2091
2048
2062
2092
2049
2063
2093
2050
2064
2094
2051
2065
2095
2052
2066
2096
2053
2067
2097
2054
2068
2098
2069
2099
2815
2056
2100
2057
2101
2058
2102
2059
2103
2060
2104
2061
2105
2062
2106
2063
2107
2064
2108
2065
2109
2066
2110
2067
2111
2068
2112
2069
2113
2114
2825
2071
2085
2115
2072
2086
2116
2073
2087
2117
2074
2088
2118
2075
2089
2119
2076
2090
2120
2077
2091
2121
2078
2092
2122
2079
2093
2123
2080
2094
2124
2081
2095
2125
2082
2096
2126
2083
2097
2127
2084
2098
2128
2099
2129
2835
2086
2100
2130
2087
2101
2131
2088
2102
2132
2089
2103
2133
2090
2104
2134
2091
2105
2135
2092
2106
2136
2093
2107
2137
2094
2108
2138
2095
2109
2139
2096
2110
2140
2097
2111
2141
2098
2112
2142
2099
2113
2143
2114
2144
2845
2101
2145
2102
2146
2103
2147
2104
2148
2105
2149
2106
2150
2107
2151
2108
2152
2109
2153
2110
2154
2111
2155
2112
2156
2113
2157
2114
2158
2159
2855
2116
2130
2160
2117
2131
2161
2118
2132
2162
2119
2133
2163
2120
2134
2164
2121
2135
2165
2122
2136
2166
2123
2137
2167
2124
2138
2168
2125
2139
2169
2126
2140
2170
2127
2141
2171
2128
2142
2172
2129
2143
2173
2144
2174
2865
2131
2145
2175
2132
2146
2176
2133
2147
2177
2134
2148
2178
2135
2149
2179
2136
2150
2180
2137
2151
2181
2138
2152
2182
2139
2153
2183
2140
2154
2184
2141
2155
2185
2142
2156
2186
2143
2157
2187
2144
2158
2188
2159
2189
2875
2146
2190
2147
2191
2148
2192
2149
2193
2150
2194
2151
2195
2152
2196
2153
2197
2154
2198
2155
2199
2156
2200
2157
2201
2158
2202
2159
2203
2204
2885
2161
2175
2205
2162
2176
2206
2163
2177
2207
2164
2178
2208
2165
2179
2209
2166
2180
2210
2167
2181
2211
2168
2182
2212
2169
2183
2213
2170
2184
2214
2171
2185
2215
2172
2186
2216
2173
2187
2217
2174
2188
2218
2189
2219
2895
2176
2190
2220
2177
2191
2221
2178
2192
2222
2179
2193
2223
2180
2194
2224
2181
2195
2225
2182
2196
2226
2183
2197
2227
2184
2198
2228
2185
2199
2229
2186
2200
2230
2187
2201
2231
2188
2202
2232
2189
2203
2233
2204
2234
2905
2191
2235
2192
2236
2193
2237
2194
2238
2195
2239
2196
2240
2197
2241
2198
2242
2199
2243
2200
2244
2201
2245
2202
2246
2203
2247
2204
2248
2249
2915
2206
2220
2250
2207
2221
2251
2208
2222
2252
2209
2223
2253
2210
2224
2254
2211
2225
2255
2212
2226
2256
2213
2227
2257
2214
2228
2258
2215
2229
2259
2216
2230
2260
2217
2231
2261
2218
2232
2262
2219
2233
2263
2234
2264
2925
2221
2235
2265
2222
2236
2266
2223
2237
2267
2224
2238
2268
2225
2239
2269
2226
2240
2270
2227
2241
2271
2228
2242
2272
2229
2243
2273
2230
2244
2274
2231
2245
2275
2232
2246
2276
2233
2247
2277
2234
2248
2278
2249
2279
2935
2236
2280
2237
2281
2238
2282
2239
2283
2240
2284
2241
2285
2242
2286
2243
2287
2244
2288
2245
2289
2246
2290
2247
2291
2248
2292
2249
2293
2294
2945
2251
2265
2295
2252
2266
2296
2253
2267
2297
2254
2268
2298
2255
2269
2299
2256
2270
2300
2257
2271
2301
2258
2272
2302
2259
2273
2303
2260
2274
2304
2261
2275
2305
2262
2276
2306
2263
2277
2307
2264
2278
2308
2279
2309
2955
2266
2280
2310
2267
2281
2311
2268
2282
2312
2269
2283
2313
2270
2284
2314
2271
2285
2315
2272
2286
2316
2273
2287
2317
2274
2288
2318
2275
2289
2319
2276
2290
2320
2277
2291
2321
2278
2292
2322
2279
2293
2323
2294
2324
2965
2281
2325
2282
2326
2283
2327
2284
2328
2285
2329
2286
2330
2287
2331
2288
2332
2289
2333
2290
2334
2291
2335
2292
2336
2293
2337
2294
2338
2339
2975
2296
2310
2340
2297
2311
2341
2298
2312
2342
2299
2313
2343
2300
2314
2344
2301
2315
2345
2302
2316
2346
2303
2317
2347
2304
2318
2348
2305
2319
2349
2306
2320
2350
2307
2321
2351
2308
2322
2352
2309
2323
2353
2324
2354
2985
2311
2325
2355
2312
2326
2356
2313
2327
2357
2314
2328
2358
2315
2329
2359
2316
2330
2360
2317
2331
2361
2318
2332
2362
2319
2333
2363
2320
2334
2364
2321
2335
2365
2322
2336
2366
2323
2337
2367
2324
2338
2368
2339
2369
2995
2326
2370
2327
2371
2328
2372
2329
2373
2330
2374
2331
2375
2332
2376
2333
2377
2334
2378
2335
2379
2336
2380
2337
2381
2338
2382
2339
2383
2384
3005
2341
2355
2385
2342
2356
2386
2343
2357
2387
2344
2358
2388
2345
2359
2389
2346
2360
2390
2347
2361
2391
2348
2362
2392
2349
2363
2393
2350
2364
2394
2351
2365
2395
2352
2366
2396
2353
2367
2397
2354
2368
2398
2369
2399
3015
2356
2370
2400
2357
2371
2401
2358
2372
2402
2359
2373
2403
2360
2374
2404
2361
2375
2405
2362
2376
2406
2363
2377
2407
2364
2378
2408
2365
2379
2409
2366
2380
2410
2367
2381
2411
2368
2382
2412
2369
2383
2413
2384
2414
3025
2371
2415
2372
2416
2373
2417
2374
2418
2375
2419
2376
2420
2377
2421
2378
2422
2379
2423
2380
2424
2381
2425
2382
2426
2383
2427
2384
2428
2429
3035
2386
2400
2430
2387
2401
2431
2388
2402
2432
2389
2403
2433
2390
2404
2434
2391
2405
2435
2392
2406
2436
2393
2407
2437
2394
2408
2438
2395
2409
2439
2396
2410
2440
2397
2411
2441
2398
2412
2442
2399
2413
2443
2414
2444
3045
2401
2415
2445
2402
2416
2446
2403
2417
2447
2404
2418
2448
2405
2419
2449
2406
2420
2450
2407
2421
2451
2408
2422
2452
2409
2423
2453
2410
2424
2454
2411
2425
2455
2412
2426
2456
2413
2427
2457
2414
2428
2458
2429
2459
3055
2416
2460
2417
2461
2418
2462
2419
2463
2420
2464
2421
2465
2422
2466
2423
2467
2424
2468
2425
2469
2426
2470
2427
2471
2428
2472
2429
2473
2474
3065
2431
2445
2475
2432
2446
2476
2433
2447
2477
2434
2448
2478
2435
2449
2479
2436
2450
2480
2437
2451
2481
2438
2452
2482
2439
2453
2483
2440
2454
2484
2441
2455
2485
2442
2456
2486
2443
2457
2487
2444
2458
2488
2459
2489
3075
2446
2460
2490
2447
2461
2491
2448
2462
2492
2449
2463
2493
2450
2464
2494
2451
2465
2495
2452
2466
2496
2453
2467
2497
2454
2468
2498
2455
2469
2499
2456
2470
2500
2457
2471
2501
2458
2472
2502
2459
2473
2503
2474
2504
3085
2461
2505
2462
2506
2463
2507
2464
2508
2465
2509
2466
2510
2467
2511
2468
2512
2469
2513
2470
2514
2471
2515
2472
2516
2473
2517
2474
2518
2519
3095
2476
2490
2520
2477
2491
2521
2478
2492
2522
2479
2493
2523
2480
2494
2524
2481
2495
2525
2482
2496
2526
2483
2497
2527
2484
2498
2528
2485
2499
2529
2486
2500
2530
2487
2501
2531
2488
2502
2532
2489
2503
2533
2504
2534
3105
2491
2505
2535
2492
2506
2536
2493
2507
2537
2494
2508
2538
2495
2509
2539
2496
2510
2540
2497
2511
2541
2498
2512
2542
2499
2513
2543
2500
2514
2544
2501
2515
2545
2502
2516
2546
2503
2517
2547
2504
2518
2548
2519
2549
3115
2506
2550
2507
2551
2508
2552
2509
2553
2510
2554
2511
2555
2512
2556
2513
2557
2514
2558
2515
2559
2516
2560
2517
2561
2518
2562
2519
2563
2564
3125
2521
2535
2565
2522
2536
2566
2523
2537
2567
2524
2538
2568
2525
2539
2569
2526
2540
2570
2527
2541
2571
2528
2542
2572
2529
2543
2573
2530
2544
2574
2531
2545
2575
2532
2546
2576
2533
2547
2577
2534
2548
2578
2549
2579
3135
2536
2550
2580
2537
2551
2581
2538
2552
2582
2539
2553
2583
2540
2554
2584
2541
2555
2585
2542
2556
2586
2543
2557
2587
2544
2558
2588
2545
2559
2589
2546
2560
2590
2547
2561
2591
2548
2562
2592
2549
2563
2593
2564
2594
3145
2551
2595
2552
2596
2553
2597
2554
2598
2555
2599
2556
2600
2557
2601
2558
2602
2559
2603
2560
2604
2561
2605
2562
2606
2563
2607
2564
2608
2609
3155
2566
2580
2610
2567
2581
2611
2568
2582
2612
2569
2583
2613
2570
2584
2614
2571
2585
2615
2572
2586
2616
2573
2587
2617
2574
2588
2618
2575
2589
2619
2576
2590
2620
2577
2591
2621
2578
2592
2622
2579
2593
2623
2594
2624
3165
2581
2595
2625
2582
2596
2626
2583
2597
2627
2584
2598
2628
2585
2599
2629
2586
2600
2630
2587
2601
2631
2588
2602
2632
2589
2603
2633
2590
2604
2634
2591
2605
2635
2592
2606
2636
2593
2607
2637
2594
2608
2638
2609
2639
3175
2596
2640
2597
2641
2598
2642
2599
2643
2600
2644
2601
2645
2602
2646
2603
2647
2604
2648
2605
2649
2606
2650
2607
2651
2608
2652
2609
2653
2654
3185
2611
2625
2612
2626
2613
2627
2614
2628
2615
2629
2616
2630
2617
2631
2618
2632
2619
2633
2620
2634
2621
2635
2622
2636
2623
2637
2624
2638
2639
3195
2626
2640
2627
2641
2628
2642
2629
2643
2630
2644
2631
2645
2632
2646
2633
2647
2634
2648
2635
2649
2636
2650
2637
2651
2638
2652
2639
2653
2654
3205
2641
2642
2643
2644
2645
2646
2647
2648
2649
2650
2651
2652
2653
2654
3215
2656
2665
2685
3605
2657
2666
2686
3606
2658
2667
2687
3607
2659
2668
2688
3608
2660
2669
2689
3609
2661
2670
2690
3610
2662
2671
2691
3611
2663
2672
2692
3612
2664
2673
2693
3613
2674
2694
3614
4335
2666
2675
2695
2667
2676
2696
2668
2677
2697
2669
2678
2698
2670
2679
2699
2671
2680
2700
2672
2681
2701
2673
2682
2702
2674
2683
2703
2684
2704
4355
2676
2705
2677
2706
2678
2707
2679
2708
2680
2709
2681
2710
2682
2711
2683
2712
2684
2713
2714
4375
2686
2695
2715
3615
2687
2696
2716
3616
2688
2697
2717
3617
2689
2698
2718
3618
2690
2699
2719
3619
2691
2700
2720
3620
2692
2701
2721
3621
2693
2702
2722
3622
2694
2703
2723
3623
2704
2724
3624
4395
2696
2705
2725
2697
2706
2726
2698
2707
2727
2699
2708
2728
2700
2709
2729
2701
2710
2730
2702
2711
2731
2703
2712
2732
2704
2713
2733
2714
2734
4415
2706
2735
2707
2736
2708
2737
2709
2738
2710
2739
2711
2740
2712
2741
2713
2742
2714
2743
2744
4435
2716
2725
2745
3625
2717
2726
2746
3626
2718
2727
2747
3627
2719
2728
2748
3628
2720
2729
2749
3629
2721
2730
2750
3630
2722
2731
2751
3631
2723
2732
2752
3632
2724
2733
2753
3633
2734
2754
3634
4455
2726
2735
2755
2727
2736
2756
2728
2737
2757
2729
2738
2758
2730
2739
2759
2731
2740
2760
2732
2741
2761
2733
2742
2762
2734
2743
2763
2744
2764
4475
2736
2765
2737
2766
2738
2767
2739
2768
2740
2769
2741
2770
2742
2771
2743
2772
2744
2773
2774
4495
2746
2755
2775
3635
2747
2756
2776
3636
2748
2757
2777
3637
2749
2758
2778
3638
2750
2759
2779
3639
2751
2760
2780
3640
2752
2761
2781
3641
2753
2762
2782
3642
2754
2763
2783
3643
2764
2784
3644
4515
2756
2765
2785
2757
2766
2786
2758
2767
2787
2759
2768
2788
2760
2769
2789
2761
2770
2790
2762
2771
2791
2763
2772
2792
2764
2773
2793
2774
2794
4535
2766
2795
2767
2796
2768
2797
2769
2798
2770
2799
2771
2800
2772
2801
2773
2802
2774
2803
2804
4555
2776
2785
2805
3645
2777
2786
2806
3646
2778
2787
2807
3647
2779
2788
2808
3648
2780
2789
2809
3649
2781
2790
2810
3650
2782
2791
2811
3651
2783
2792
2812
3652
2784
2793
2813
3653
2794
2814
3654
4575
2786
2795
2815
2787
2796
2816
2788
2797
2817
2789
2798
2818
2790
2799
2819
2791
2800
2820
2792
2801
2821
2793
2802
2822
2794
2803
2823
2804
2824
4595
2796
2825
2797
2826
2798
2827
2799
2828
2800
2829
2801
2830
2802
2831
2803
2832
2804
2833
2834
4615
2806
2815
2835
3655
2807
2816
2836
3656
2808
2817
2837
3657
2809
2818
2838
3658
2810
2819
2839
3659
2811
2820
2840
3660
2812
2821
2841
3661
2813
2822
2842
3662
2814
2823
2843
3663
2824
2844
3664
4635
2816
2825
2845
2817
2826
2846
2818
2827
2847
2819
2828
2848
2820
2829
2849
2821
2830
2850
2822
2831
2851
2823
2832
2852
2824
2833
2853
2834
2854
4655
2826
2855
2827
2856
2828
2857
2829
2858
2830
2859
2831
2860
2832
2861
2833
2862
2834
2863
2864
4675
2836
2845
2865
3665
2837
2846
2866
3666
2838
2847
2867
3667
2839
2848
2868
3668
2840
2849
2869
3669
2841
2850
2870
3670
2842
2851
2871
3671
2843
2852
2872
3672
2844
2853
2873
3673
2854
2874
3674
4695
2846
2855
2875
2847
2856
2876
2848
2857
2877
2849
2858
2878
2850
2859
2879
2851
2860
2880
2852
2861
2881
2853
2862
2882
2854
2863
2883
2864
2884
4715
2856
2885
2857
2886
2858
2887
2859
2888
2860
2889
2861
2890
2862
2891
2863
2892
2864
2893
2894
4735
2866
2875
2895
3675
2867
2876
2896
3676
2868
2877
2897
3677
2869
2878
2898
3678
2870
2879
2899
3679
2871
2880
2900
3680
2872
2881
2901
3681
2873
2882
2902
3682
2874
2883
2903
3683
2884
2904
3684
4755
2876
2885
2905
2877
2886
2906
2878
2887
2907
2879
2888
2908
2880
2889
2909
2881
2890
2910
2882
2891
2911
2883
2892
2912
2884
2893
2913
2894
2914
4775
2886
2915
2887
2916
2888
2917
2889
2918
2890
2919
2891
2920
2892
2921
2893
2922
2894
2923
2924
4795
2896
2905
2925
3685
2897
2906
2926
3686
2898
2907
2927
3687
2899
2908
2928
3688
2900
2909
2929
3689
2901
2910
2930
3690
2902
2911
2931
3691
2903
2912
2932
3692
2904
2913
2933
3693
2914
2934
3694
4815
2906
2915
2935
2907
2916
2936
2908
2917
2937
2909
2918
2938
2910
2919
2939
2911
2920
2940
2912
2921
2941
2913
2922
2942
2914
2923
2943
2924
2944
4835
2916
2945
2917
2946
2918
2947
2919
2948
2920
2949
2921
2950
2922
2951
2923
2952
2924
2953
2954
4855
2926
2935
2955
3695
2927
2936
2956
3696
2928
2937
2957
3697
2929
2938
2958
3698
2930
2939
2959
3699
2931
2940
2960
3700
2932
2941
2961
3701
2933
2942
2962
3702
2934
2943
2963
3703
2944
2964
3704
4875
2936
2945
2965
2937
2946
2966
2938
2947
2967
2939
2948
2968
2940
2949
2969
2941
2950
2970
2942
2951
2971
2943
2952
2972
2944
2953
2973
2954
2974
4895
2946
2975
2947
2976
2948
2977
2949
2978
2950
2979
2951
2980
2952
2981
2953
2982
2954
2983
2984
4915
2956
2965
2985
3705
2957
2966
2986
3706
2958
2967
2987
3707
2959
2968
2988
3708
2960
2969
2989
3709
2961
2970
2990
3710
2962
2971
2991
3711
2963
2972
2992
3712
2964
2973
2993
3713
2974
2994
3714
4935
2966
2975
2995
2967
2976
2996
2968
2977
2997
2969
2978
2998
2970
2979
2999
2971
2980
3000
2972
2981
3001
2973
2982
3002
2974
2983
3003
2984
3004
4955
2976
3005
2977
3006
2978
3007
2979
3008
2980
3009
2981
3010
2982
3011
2983
3012
2984
3013
3014
4975
2986
2995
3015
3715
2987
2996
3016
3716
2988
2997
3017
3717
2989
2998
3018
3718
2990
2999
3019
3719
2991
3000
3020
3720
2992
3001
3021
3721
2993
3002
3022
3722
2994
3003
3023
3723
3004
3024
3724
4995
2996
3005
3025
2997
3006
3026
2998
3007
3027
2999
3008
3028
3000
3009
3029
3001
3010
3030
3002
3011
3031
3003
3012
3032
3004
3013
3033
3014
3034
5015
3006
3035
3007
3036
3008
3037
3009
3038
3010
3039
3011
3040
3012
3041
3013
3042
3014
3043
3044
5035
3016
3025
3045
3725
3017
3026
3046
3726
3018
3027
3047
3727
3019
3028
3048
3728
3020
3029
3049
3729
3021
3030
3050
3730
3022
3031
3051
3731
3023
3032
3052
3732
3024
3033
3053
3733
3034
3054
3734
5055
3026
3035
3055
3027
3036
3056
3028
3037
3057
3029
3038
3058
3030
3039
3059
3031
3040
3060
3032
3041
3061
3033
3042
3062
3034
3043
3063
3044
3064
5075
3036
3065
3037
3066
3038
3067
3039
3068
3040
3069
3041
3070
3042
3071
3043
3072
3044
3073
3074
5095
3046
3055
3075
3735
3047
3056
3076
3736
3048
3057
3077
3737
3049
3058
3078
3738
3050
3059
3079
3739
3051
3060
3080
3740
3052
3061
3081
3741
3053
3062
3082
3742
3054
3063
3083
3743
3064
3084
3744
5115
3056
3065
3085
3057
3066
3086
3058
3067
3087
3059
3068
3088
3060
3069
3089
3061
3070
3090
3062
3071
3091
3063
3072
3092
3064
3073
3093
3074
3094
5135
3066
3095
3067
3096
3068
3097
3069
3098
3070
3099
3071
3100
3072
3101
3073
3102
3074
3103
3104
5155
3076
3085
3105
3745
3077
3086
3106
3746
3078
3087
3107
3747
3079
3088
3108
3748
3080
3089
3109
3749
3081
3090
3110
3750
3082
3091
3111
3751
3083
3092
3112
3752
3084
3093
3113
3753
3094
3114
3754
5175
3086
3095
3115
3087
3096
3116
3088
3097
3117
3089
3098
3118
3090
3099
3119
3091
3100
3120
3092
3101
3121
3093
3102
3122
3094
3103
3123
3104
3124
5195
3096
3125
3097
3126
3098
3127
3099
3128
3100
3129
3101
3130
3102
3131
3103
3132
3104
3133
3134
5215
3106
3115
3135
3755
3107
3116
3136
3756
3108
3117
3137
3757
3109
3118
3138
3758
3110
3119
3139
3759
3111
3120
3140
3760
3112
3121
3141
3761
3113
3122
3142
3762
3114
3123
3143
3763
3124
3144
3764
5235
3116
3125
3145
3117
3126
3146
3118
3127
3147
3119
3128
3148
3120
3129
3149
3121
3130
3150
3122
3131
3151
3123
3132
3152
3124
3133
3153
3134
3154
5255
3126
3155
3127
3156
3128
3157
3129
3158
3130
3159
3131
3160
3132
3161
3133
3162
3134
3163
3164
5275
3136
3145
3165
3765
3137
3146
3166
3766
3138
3147
3167
3767
3139
3148
3168
3768
3140
3149
3169
3769
3141
3150
3170
3770
3142
3151
3171
3771
3143
3152
3172
3772
3144
3153
3173
3773
3154
3174
3774
5295
3146
3155
3175
3147
3156
3176
3148
3157
3177
3149
3158
3178
3150
3159
3179
3151
3160
3180
3152
3161
3181
3153
3162
3182
3154
3163
3183
3164
3184
5315
3156
3185
3157
3186
3158
3187
3159
3188
3160
3189
3161
3190
3162
3191
3163
3192
3164
3193
3194
5335
3166
3175
3195
3775
3167
3176
3196
3776
3168
3177
3197
3777
3169
3178
3198
3778
3170
3179
3199
3779
3171
3180
3200
3780
3172
3181
3201
3781
3173
3182
3202
3782
3174
3183
3203
3783
3184
3204
3784
5355
3176
3185
3205
3177
3186
3206
3178
3187
3207
3179
3188
3208
3180
3189
3209
3181
3190
3210
3182
3191
3211
3183
3192
3212
3184
3193
3213
3194
3214
5375
3186
3215
3187
3216
3188
3217
3189
3218
3190
3219
3191
3220
3192
3221
3193
3222
3194
3223
3224
5395
3196
3205
3785
3197
3206
3786
3198
3207
3787
3199
3208
3788
3200
3209
3789
3201
3210
3790
3202
3211
3791
3203
3212
3792
3204
3213
3793
3214
3794
5415
3206
3215
3207
3216
3208
3217
3209
3218
3210
3219
3211
3220
3212
3221
3213
3222
3214
3223
3224
5435
3216
3217
3218
3219
3220
3221
3222
3223
3224
5455
3226
3235
3415
3227
3236
3416
3228
3237
3417
3229
3238
3418
3230
3239
3419
3231
3240
3420
3232
3241
3421
3233
3242
3422
3234
3243
3423
3244
3424
5475
3236
3245
3425
3237
3246
3426
3238
3247
3427
3239
3248
3428
3240
3249
3429
3241
3250
3430
3242
3251
3431
3243
3252
3432
3244
3253
3433
3254
3434
5495
3246
3255
3435
3247
3256
3436
3248
3257
3437
3249
3258
3438
3250
3259
3439
3251
3260
3440
3252
3261
3441
3253
3262
3442
3254
3263
3443
3264
3444
5515
3256
3265
3445
3257
3266
3446
3258
3267
3447
3259
3268
3448
3260
3269
3449
3261
3270
3450
3262
3271
3451
3263
3272
3452
3264
3273
3453
3274
3454
5535
3266
3275
3455
3267
3276
3456
3268
3277
3457
3269
3278
3458
3270
3279
3459
3271
3280
3460
3272
3281
3461
3273
3282
3462
3274
3283
3463
3284
3464
5555
3276
3285
3465
3277
3286
3466
3278
3287
3467
3279
3288
3468
3280
3289
3469
3281
3290
3470
3282
3291
3471
3283
3292
3472
3284
3293
3473
3294
3474
5575
3286
3295
3475
3287
3296
3476
3288
3297
3477
3289
3298
3478
3290
3299
3479
3291
3300
3480
3292
3301
3481
3293
3302
3482
3294
3303
3483
3304
3484
5595
3296
3305
3485
3297
3306
3486
3298
3307
3487
3299
3308
3488
3300
3309
3489
3301
3310
3490
3302
3311
3491
3303
3312
3492
3304
3313
3493
3314
3494
5615
3306
3315
3495
3307
3316
3496
3308
3317
3497
3309
3318
3498
3310
3319
3499
3311
3320
3500
3312
3321
3501
3313
3322
3502
3314
3323
3503
3324
3504
5635
3316
3325
3505
3317
3326
3506
3318
3327
3507
3319
3328
3508
3320
3329
3509
3321
3330
3510
3322
3331
3511
3323
3332
3512
3324
3333
3513
3334
3514
5655
3326
3335
3515
3327
3336
3516
3328
3337
3517
3329
3338
3518
3330
3339
3519
3331
3340
3520
3332
3341
3521
3333
3342
3522
3334
3343
3523
3344
3524
5675
3336
3345
3525
3337
3346
3526
3338
3347
3527
3339
3348
3528
3340
3349
3529
3341
3350
3530
3342
3351
3531
3343
3352
3532
3344
3353
3533
3354
3534
5695
3346
3355
3535
3347
3356
3536
3348
3357
3537
3349
3358
3538
3350
3359
3539
3351
3360
3540
3352
3361
3541
3353
3362
3542
3354
3363
3543
3364
3544
5715
3356
3365
3545
3357
3366
3546
3358
3367
3547
3359
3368
3548
3360
3369
3549
3361
3370
3550
3362
3371
3551
3363
3372
3552
3364
3373
3553
3374
3554
5735
3366
3375
3555
3367
3376
3556
3368
3377
3557
3369
3378
3558
3370
3379
3559
3371
3380
3560
3372
3381
3561
3373
3382
3562
3374
3383
3563
3384
3564
5755
3376
3385
3565
3377
3386
3566
3378
3387
3567
3379
3388
3568
3380
3389
3569
3381
3390
3570
3382
3391
3571
3383
3392
3572
3384
3393
3573
3394
3574
5775
3386
3395
3575
3387
3396
3576
3388
3397
3577
3389
3398
3578
3390
3399
3579
3391
3400
3580
3392
3401
3581
3393
3402
3582
3394
3403
3583
3404
3584
5795
3396
3405
3585
3397
3406
3586
3398
3407
3587
3399
3408
3588
3400
3409
3589
3401
3410
3590
3402
3411
3591
3403
3412
3592
3404
3413
3593
3414
3594
5815
3406
3595
3407
3596
3408
3597
3409
3598
3410
3599
3411
3600
3412
3601
3413
3602
3414
3603
3604
5835
3416
3425
3605
3417
3426
3606
3418
3427
3607
3419
3428
3608
3420
3429
3609
3421
3430
3610
3422
3431
3611
3423
3432
3612
3424
3433
3613
3434
3614
5855
3426
3435
3615
3427
3436
3616
3428
3437
3617
3429
3438
3618
3430
3439
3619
3431
3440
3620
3432
3441
3621
3433
3442
3622
3434
3443
3623
3444
3624
5875
3436
3445
3625
3437
3446
3626
3438
3447
3627
3439
3448
3628
3440
3449
3629
3441
3450
3630
3442
3451
3631
3443
3452
3632
3444
3453
3633
3454
3634
5895
3446
3455
3635
3447
3456
3636
3448
3457
3637
3449
3458
3638
3450
3459
3639
3451
3460
3640
3452
3461
3641
3453
3462
3642
3454
3463
3643
3464
3644
5915
3456
3465
3645
3457
3466
3646
3458
3467
3647
3459
3468
3648
3460
3469
3649
3461
3470
3650
3462
3471
3651
3463
3472
3652
3464
3473
3653
3474
3654
5935
3466
3475
3655
3467
3476
3656
3468
3477
3657
3469
3478
3658
3470
3479
3659
3471
3480
3660
3472
3481
3661
3473
3482
3662
3474
3483
3663
3484
3664
5955
3476
3485
3665
3477
3486
3666
3478
3487
3667
3479
3488
3668
3480
3489
3669
3481
3490
3670
3482
3491
3671
3483
3492
3672
3484
3493
3673
3494
3674
5975
3486
3495
3675
3487
3496
3676
3488
3497
3677
3489
3498
3678
3490
3499
3679
3491
3500
3680
3492
3501
3681
3493
3502
3682
3494
3503
3683
3504
3684
5995
3496
3505
3685
3497
3506
3686
3498
3507
3687
3499
3508
3688
3500
3509
3689
3501
3510
3690
3502
3511
3691
3503
3512
3692
3504
3513
3693
3514
3694
6015
3506
3515
3695
3507
3516
3696
3508
3517
3697
3509
3518
3698
3510
3519
3699
3511
3520
3700
3512
3521
3701
3513
3522
3702
3514
3523
3703
3524
3704
6035
3516
3525
3705
3517
3526
3706
3518
3527
3707
3519
3528
3708
3520
3529
3709
3521
3530
3710
3522
3531
3711
3523
3532
3712
3524
3533
3713
3534
3714
6055
3526
3535
3715
3527
3536
3716
3528
3537
3717
3529
3538
3718
3530
3539
3719
3531
3540
3720
3532
3541
3721
3533
3542
3722
3534
3543
3723
3544
3724
6075
3536
3545
3725
3537
3546
3726
3538
3547
3727
3539
3548
3728
3540
3549
3729
3541
3550
3730
3542
3551
3731
3543
3552
3732
3544
3553
3733
3554
3734
6095
3546
3555
3735
3547
3556
3736
3548
3557
3737
3549
3558
3738
3550
3559
3739
3551
3560
3740
3552
3561
3741
3553
3562
3742
3554
3563
3743
3564
3744
6115
3556
3565
3745
3557
3566
3746
3558
3567
3747
3559
3568
3748
3560
3569
3749
3561
3570
3750
3562
3571
3751
3563
3572
3752
3564
3573
3753
3574
3754
6135
3566
3575
3755
3567
3576
3756
3568
3577
3757
3569
3578
3758
3570
3579
3759
3571
3580
3760
3572
3581
3761
3573
3582
3762
3574
3583
3763
3584
3764
6155
3576
3585
3765
3577
3586
3766
3578
3587
3767
3579
3588
3768
3580
3589
3769
3581
3590
3770
3582
3591
3771
3583
3592
3772
3584
3593
3773
3594
3774
6175
3586
3595
3775
3587
3596
3776
3588
3597
3777
3589
3598
3778
3590
3599
3779
3591
3600
3780
3592
3601
3781
3593
3602
3782
3594
3603
3783
3604
3784
6195
3596
3785
3597
3786
3598
3787
3599
3788
3600
3789
3601
3790
3602
3791
3603
3792
3604
3793
3794
6215
3606
3615
3607
3616
3608
3617
3609
3618
3610
3619
3611
3620
3612
3621
3613
3622
3614
3623
3624
6235
3616
3625
3617
3626
3618
3627
3619
3628
3620
3629
3621
3630
3622
3631
3623
3632
3624
3633
3634
6255
3626
3635
3627
3636
3628
3637
3629
3638
3630
3639
3631
3640
3632
3641
3633
3642
3634
3643
3644
6275
3636
3645
3637
3646
3638
3647
3639
3648
3640
3649
3641
3650
3642
3651
3643
3652
3644
3653
3654
6295
3646
3655
3647
3656
3648
3657
3649
3658
3650
3659
3651
3660
3652
3661
3653
3662
3654
3663
3664
6315
3656
3665
3657
3666
3658
3667
3659
3668
3660
3669
3661
3670
3662
3671
3663
3672
3664
3673
3674
6335
3666
3675
3667
3676
3668
3677
3669
3678
3670
3679
3671
3680
3672
3681
3673
3682
3674
3683
3684
6355
3676
3685
3677
3686
3678
3687
3679
3688
3680
3689
3681
3690
3682
3691
3683
3692
3684
3693
3694
6375
3686
3695
3687
3696
3688
3697
3689
3698
3690
3699
3691
3700
3692
3701
3693
3702
3694
3703
3704
6395
3696
3705
3697
3706
3698
3707
3699
3708
3700
3709
3701
3710
3702
3711
3703
3712
3704
3713
3714
6415
3706
3715
3707
3716
3708
3717
3709
3718
3710
3719
3711
3720
3712
3721
3713
3722
3714
3723
3724
6435
3716
3725
3717
3726
3718
3727
3719
3728
3720
3729
3721
3730
3722
3731
3723
3732
3724
3733
3734
6455
3726
3735
3727
3736
3728
3737
3729
3738
3730
3739
3731
3740
3732
3741
3733
3742
3734
3743
3744
6475
3736
3745
3737
3746
3738
3747
3739
3748
3740
3749
3741
3750
3742
3751
3743
3752
3744
3753
3754
6495
3746
3755
3747
3756
3748
3757
3749
3758
3750
3759
3751
3760
3752
3761
3753
3762
3754
3763
3764
6515
3756
3765
3757
3766
3758
3767
3759
3768
3760
3769
3761
3770
3762
3771
3763
3772
3764
3773
3774
6535
3766
3775
3767
3776
3768
3777
3769
3778
3770
3779
3771
3780
3772
3781
3773
3782
3774
3783
3784
6555
3776
3785
3777
3786
3778
3787
3779
3788
3780
3789
3781
3790
3782
3791
3783
3792
3784
3793
3794
6575
3786
3787
3788
3789
3790
3791
3792
3793
3794
6595
3796
3815
3855
6615
7155
3797
3816
3856
6616
7156
3798
3817
3857
6617
7157
3799
3818
3858
6618
7158
3800
3819
3859
6619
7159
3801
3820
3860
6620
7160
3802
3821
3861
6621
7161
3803
3822
3862
6622
7162
3804
3823
3863
6623
7163
3805
3824
3864
6624
7164
3806
3825
3865
6625
7165
3807
3826
3866
6626
7166
3808
3827
3867
6627
7167
3809
3828
3868
6628
7168
3810
3829
3869
6629
7169
3811
3830
3870
6630
7170
3812
3831
3871
6631
7171
3813
3832
3872
6632
7172
3814
3833
3873
6633
7173
3834
3874
6634
7174
3816
3835
3875
7175
3817
3836
3876
7176
3818
3837
3877
7177
3819
3838
3878
7178
3820
3839
3879
7179
3821
3840
3880
7180
3822
3841
3881
7181
3823
3842
3882
7182
3824
3843
3883
7183
3825
3844
3884
7184
3826
3845
3885
7185
3827
3846
3886
7186
3828
3847
3887
7187
3829
3848
3888
7188
3830
3849
3889
7189
3831
3850
3890
7190
3832
3851
3891
7191
3833
3852
3892
7192
3834
3853
3893
7193
3854
3894
7194
3836
3895
7195
3837
3896
7196
3838
3897
7197
3839
3898
7198
3840
3899
7199
3841
3900
7200
3842
3901
7201
3843
3902
7202
3844
3903
7203
3845
3904
7204
3846
3905
7205
3847
3906
7206
3848
3907
7207
3849
3908
7208
3850
3909
7209
3851
3910
7210
3852
3911
7211
3853
3912
7212
3854
3913
7213
3914
7214
3856
3875
3915
6675
3857
3876
3916
6676
3858
3877
3917
6677
3859
3878
3918
6678
3860
3879
3919
6679
3861
3880
3920
6680
3862
3881
3921
6681
3863
3882
3922
6682
3864
3883
3923
6683
3865
3884
3924
6684
3866
3885
3925
6685
3867
3886
3926
6686
3868
3887
3927
6687
3869
3888
3928
6688
3870
3889
3929
6689
3871
3890
3930
6690
3872
3891
3931
6691
3873
3892
3932
6692
3874
3893
3933
6693
3894
3934
6694
3876
3895
3935
3877
3896
3936
3878
3897
3937
3879
3898
3938
3880
3899
3939
3881
3900
3940
3882
3901
3941
3883
3902
3942
3884
3903
3943
3885
3904
3944
3886
3905
3945
3887
3906
3946
3888
3907
3947
3889
3908
3948
3890
3909
3949
3891
3910
3950
3892
3911
3951
3893
3912
3952
3894
3913
3953
3914
3954
3896
3955
3897
3956
3898
3957
3899
3958
3900
3959
3901
3960
3902
3961
3903
3962
3904
3963
3905
3964
3906
3965
3907
3966
3908
3967
3909
3968
3910
3969
3911
3970
3912
3971
3913
3972
3914
3973
3974
3916
3935
3975
6735
3917
3936
3976
6736
3918
3937
3977
6737
3919
3938
3978
6738
3920
3939
3979
6739
3921
3940
3980
6740
3922
3941
3981
6741
3923
3942
3982
6742
3924
3943
3983
6743
3925
3944
3984
6744
3926
3945
3985
6745
3927
3946
3986
6746
3928
3947
3987
6747
3929
3948
3988
6748
3930
3949
3989
6749
3931
3950
3990
6750
3932
3951
3991
6751
3933
3952
3992
6752
3934
3953
3993
6753
3954
3994
6754
3936
3955
3995
3937
3956
3996
3938
3957
3997
3939
3958
3998
3940
3959
3999
3941
3960
4000
3942
3961
4001
3943
3962
4002
3944
3963
4003
3945
3964
4004
3946
3965
4005
3947
3966
4006
3948
3967
4007
3949
3968
4008
3950
3969
4009
3951
3970
4010
3952
3971
4011
3953
3972
4012
3954
3973
4013
3974
4014
3956
4015
3957
4016
3958
4017
3959
4018
3960
4019
3961
4020
3962
4021
3963
4022
3964
4023
3965
4024
3966
4025
3967
4026
3968
4027
3969
4028
3970
4029
3971
4030
3972
4031
3973
4032
3974
4033
4034
3976
3995
4035
6795
3977
3996
4036
6796
3978
3997
4037
6797
3979
3998
4038
6798
3980
3999
4039
6799
3981
4000
4040
6800
3982
4001
4041
6801
3983
4002
4042
6802
3984
4003
4043
6803
3985
4004
4044
6804
3986
4005
4045
6805
3987
4006
4046
6806
3988
4007
4047
6807
3989
4008
4048
6808
3990
4009
4049
6809
3991
4010
4050
6810
3992
4011
4051
6811
3993
4012
4052
6812
3994
4013
4053
6813
4014
4054
6814
3996
4015
4055
3997
4016
4056
3998
4017
4057
3999
4018
4058
4000
4019
4059
4001
4020
4060
4002
4021
4061
4003
4022
4062
4004
4023
4063
4005
4024
4064
4006
4025
4065
4007
4026
4066
4008
4027
4067
4009
4028
4068
4010
4029
4069
4011
4030
4070
4012
4031
4071
4013
4032
4072
4014
4033
4073
4034
4074
4016
4075
4017
4076
4018
4077
4019
4078
4020
4079
4021
4080
4022
4081
4023
4082
4024
4083
4025
4084
4026
4085
4027
4086
4028
4087
4029
4088
4030
4089
4031
4090
4032
4091
4033
4092
4034
4093
4094
4036
4055
4095
6855
4037
4056
4096
6856
4038
4057
4097
6857
4039
4058
4098
6858
4040
4059
4099
6859
4041
4060
4100
6860
4042
4061
4101
6861
4043
4062
4102
6862
4044
4063
4103
6863
4045
4064
4104
6864
4046
4065
4105
6865
4047
4066
4106
6866
4048
4067
4107
6867
4049
4068
4108
6868
4050
4069
4109
6869
4051
4070
4110
6870
4052
4071
4111
6871
4053
4072
4112
6872
4054
4073
4113
6873
4074
4114
6874
4056
4075
4115
4057
4076
4116
4058
4077
4117
4059
4078
4118
4060
4079
4119
4061
4080
4120
4062
4081
4121
4063
4082
4122
4064
4083
4123
4065
4084
4124
4066
4085
4125
4067
4086
4126
4068
4087
4127
4069
4088
4128
4070
4089
4129
4071
4090
4130
4072
4091
4131
4073
4092
4132
4074
4093
4133
4094
4134
4076
4135
4077
4136
4078
4137
4079
4138
4080
4139
4081
4140
4082
4141
4083
4142
4084
4143
4085
4144
4086
4145
4087
4146
4088
4147
4089
4148
4090
4149
4091
4150
4092
4151
4093
4152
4094
4153
4154
4096
4115
4155
6915
4097
4116
4156
6916
4098
4117
4157
6917
4099
4118
4158
6918
4100
4119
4159
6919
4101
4120
4160
6920
4102
4121
4161
6921
4103
4122
4162
6922
4104
4123
4163
6923
4105
4124
4164
6924
4106
4125
4165
6925
4107
4126
4166
6926
4108
4127
4167
6927
4109
4128
4168
6928
4110
4129
4169
6929
4111
4130
4170
6930
4112
4131
4171
6931
4113
4132
4172
6932
4114
4133
4173
6933
4134
4174
6934
4116
4135
4175
4117
4136
4176
4118
4137
4177
4119
4138
4178
4120
4139
4179
4121
4140
4180
4122
4141
4181
4123
4142
4182
4124
4143
4183
4125
4144
4184
4126
4145
4185
4127
4146
4186
4128
4147
4187
4129
4148
4188
4130
4149
4189
4131
4150
4190
4132
4151
4191
4133
4152
4192
4134
4153
4193
4154
4194
4136
4195
4137
4196
4138
4197
4139
4198
4140
4199
4141
4200
4142
4201
4143
4202
4144
4203
4145
4204
4146
4205
4147
4206
4148
4207
4149
4208
4150
4209
4151
4210
4152
4211
4153
4212
4154
4213
4214
4156
4175
4215
6975
4157
4176
4216
6976
4158
4177
4217
6977
4159
4178
4218
6978
4160
4179
4219
6979
4161
4180
4220
6980
4162
4181
4221
6981
4163
4182
4222
6982
4164
4183
4223
6983
4165
4184
4224
6984
4166
4185
4225
6985
4167
4186
4226
6986
4168
4187
4227
6987
4169
4188
4228
6988
4170
4189
4229
6989
4171
4190
4230
6990
4172
4191
4231
6991
4173
4192
4232
6992
4174
4193
4233
6993
4194
4234
6994
4176
4195
4235
4177
4196
4236
4178
4197
4237
4179
4198
4238
4180
4199
4239
4181
4200
4240
4182
4201
4241
4183
4202
4242
4184
4203
4243
4185
4204
4244
4186
4205
4245
4187
4206
4246
4188
4207
4247
4189
4208
4248
4190
4209
4249
4191
4210
4250
4192
4211
4251
4193
4212
4252
4194
4213
4253
4214
4254
4196
4255
4197
4256
4198
4257
4199
4258
4200
4259
4201
4260
4202
4261
4203
4262
4204
4263
4205
4264
4206
4265
4207
4266
4208
4267
4209
4268
4210
4269
4211
4270
4212
4271
4213
4272
4214
4273
4274
4216
4235
4275
7035
4217
4236
4276
7036
4218
4237
4277
7037
4219
4238
4278
7038
4220
4239
4279
7039
4221
4240
4280
7040
4222
4241
4281
7041
4223
4242
4282
7042
4224
4243
4283
7043
4225
4244
4284
7044
4226
4245
4285
7045
4227
4246
4286
7046
4228
4247
4287
7047
4229
4248
4288
7048
4230
4249
4289
7049
4231
4250
4290
7050
4232
4251
4291
7051
4233
4252
4292
7052
4234
4253
4293
7053
4254
4294
7054
4236
4255
4295
4237
4256
4296
4238
4257
4297
4239
4258
4298
4240
4259
4299
4241
4260
4300
4242
4261
4301
4243
4262
4302
4244
4263
4303
4245
4264
4304
4246
4265
4305
4247
4266
4306
4248
4267
4307
4249
4268
4308
4250
4269
4309
4251
4270
4310
4252
4271
4311
4253
4272
4312
4254
4273
4313
4274
4314
4256
4315
4257
4316
4258
4317
4259
4318
4260
4319
4261
4320
4262
4321
4263
4322
4264
4323
4265
4324
4266
4325
4267
4326
4268
4327
4269
4328
4270
4329
4271
4330
4272
4331
4273
4332
4274
4333
4334
4276
4295
4335
7095
4277
4296
4336
7096
4278
4297
4337
7097
4279
4298
4338
7098
4280
4299
4339
7099
4281
4300
4340
7100
4282
4301
4341
7101
4283
4302
4342
7102
4284
4303
4343
7103
4285
4304
4344
7104
4286
4305
4345
7105
4287
4306
4346
7106
4288
4307
4347
7107
4289
4308
4348
7108
4290
4309
4349
7109
4291
4310
4350
7110
4292
4311
4351
7111
4293
4312
4352
7112
4294
4313
4353
7113
4314
4354
7114
4296
4315
4355
4297
4316
4356
4298
4317
4357
4299
4318
4358
4300
4319
4359
4301
4320
4360
4302
4321
4361
4303
4322
4362
4304
4323
4363
4305
4324
4364
4306
4325
4365
4307
4326
4366
4308
4327
4367
4309
4328
4368
4310
4329
4369
4311
4330
4370
4312
4331
4371
4313
4332
4372
4314
4333
4373
4334
4374
4316
4375
4317
4376
4318
4377
4319
4378
4320
4379
4321
4380
4322
4381
4323
4382
4324
4383
4325
4384
4326
4385
4327
4386
4328
4387
4329
4388
4330
4389
4331
4390
4332
4391
4333
4392
4334
4393
4394
4336
4355
4395
6235
4337
4356
4396
6236
4338
4357
4397
6237
4339
4358
4398
6238
4340
4359
4399
6239
4341
4360
4400
6240
4342
4361
4401
6241
4343
4362
4402
6242
4344
4363
4403
6243
4345
4364
4404
6244
4346
4365
4405
6245
4347
4366
4406
6246
4348
4367
4407
6247
4349
4368
4408
6248
4350
4369
4409
6249
4351
4370
4410
6250
4352
4371
4411
6251
4353
4372
4412
6252
4354
4373
4413
6253
4374
4414
6254
4356
4375
4415
4357
4376
4416
4358
4377
4417
4359
4378
4418
4360
4379
4419
4361
4380
4420
4362
4381
4421
4363
4382
4422
4364
4383
4423
4365
4384
4424
4366
4385
4425
4367
4386
4426
4368
4387
4427
4369
4388
4428
4370
4389
4429
4371
4390
4430
4372
4391
4431
4373
4392
4432
4374
4393
4433
4394
4434
4376
4435
4377
4436
4378
4437
4379
4438
4380
4439
4381
4440
4382
4441
4383
4442
4384
4443
4385
4444
4386
4445
4387
4446
4388
4447
4389
4448
4390
4449
4391
4450
4392
4451
4393
4452
4394
4453
4454
4396
4415
4455
6255
4397
4416
4456
6256
4398
4417
4457
6257
4399
4418
4458
6258
4400
4419
4459
6259
4401
4420
4460
6260
4402
4421
4461
6261
4403
4422
4462
6262
4404
4423
4463
6263
4405
4424
4464
6264
4406
4425
4465
6265
4407
4426
4466
6266
4408
4427
4467
6267
4409
4428
4468
6268
4410
4429
4469
6269
4411
4430
4470
6270
4412
4431
4471
6271
4413
4432
4472
6272
4414
4433
4473
6273
4434
4474
6274
4416
4435
4475
4417
4436
4476
4418
4437
4477
4419
4438
4478
4420
4439
4479
4421
4440
4480
4422
4441
4481
4423
4442
4482
4424
4443
4483
4425
4444
4484
4426
4445
4485
4427
4446
4486
4428
4447
4487
4429
4448
4488
4430
4449
4489
4431
4450
4490
4432
4451
4491
4433
4452
4492
4434
4453
4493
4454
4494
4436
4495
4437
4496
4438
4497
4439
4498
4440
4499
4441
4500
4442
4501
4443
4502
4444
4503
4445
4504
4446
4505
4447
4506
4448
4507
4449
4508
4450
4509
4451
4510
4452
4511
4453
4512
4454
4513
4514
4456
4475
4515
6275
4457
4476
4516
6276
4458
4477
4517
6277
4459
4478
4518
6278
4460
4479
4519
6279
4461
4480
4520
6280
4462
4481
4521
6281
4463
4482
4522
6282
4464
4483
4523
6283
4465
4484
4524
6284
4466
4485
4525
6285
4467
4486
4526
6286
4468
4487
4527
6287
4469
4488
4528
6288
4470
4489
4529
6289
4471
4490
4530
6290
4472
4491
4531
6291
4473
4492
4532
6292
4474
4493
4533
6293
4494
4534
6294
4476
4495
4535
4477
4496
4536
4478
4497
4537
4479
4498
4538
4480
4499
4539
4481
4500
4540
4482
4501
4541
4483
4502
4542
4484
4503
4543
4485
4504
4544
4486
4505
4545
4487
4506
4546
4488
4507
4547
4489
4508
4548
4490
4509
4549
4491
4510
4550
4492
4511
4551
4493
4512
4552
4494
4513
4553
4514
4554
4496
4555
4497
4556
4498
4557
4499
4558
4500
4559
4501
4560
4502
4561
4503
4562
4504
4563
4505
4564
4506
4565
4507
4566
4508
4567
4509
4568
4510
4569
4511
4570
4512
4571
4513
4572
4514
4573
4574
4516
4535
4575
6295
4517
4536
4576
6296
4518
4537
4577
6297
4519
4538
4578
6298
4520
4539
4579
6299
4521
4540
4580
6300
4522
4541
4581
6301
4523
4542
4582
6302
4524
4543
4583
6303
4525
4544
4584
6304
4526
4545
4585
6305
4527
4546
4586
6306
4528
4547
4587
6307
4529
4548
4588
6308
4530
4549
4589
6309
4531
4550
4590
6310
4532
4551
4591
6311
4533
4552
4592
6312
4534
4553
4593
6313
4554
4594
6314
4536
4555
4595
4537
4556
4596
4538
4557
4597
4539
4558
4598
4540
4559
4599
4541
4560
4600
4542
4561
4601
4543
4562
4602
4544
4563
4603
4545
4564
4604
4546
4565
4605
4547
4566
4606
4548
4567
4607
4549
4568
4608
4550
4569
4609
4551
4570
4610
4552
4571
4611
4553
4572
4612
4554
4573
4613
4574
4614
4556
4615
4557
4616
4558
4617
4559
4618
4560
4619
4561
4620
4562
4621
4563
4622
4564
4623
4565
4624
4566
4625
4567
4626
4568
4627
4569
4628
4570
4629
4571
4630
4572
4631
4573
4632
4574
4633
4634
4576
4595
4635
6315
4577
4596
4636
6316
4578
4597
4637
6317
4579
4598
4638
6318
4580
4599
4639
6319
4581
4600
4640
6320
4582
4601
4641
6321
4583
4602
4642
6322
4584
4603
4643
6323
4585
4604
4644
6324
4586
4605
4645
6325
4587
4606
4646
6326
4588
4607
4647
6327
4589
4608
4648
6328
4590
4609
4649
6329
4591
4610
4650
6330
4592
4611
4651
6331
4593
4612
4652
6332
4594
4613
4653
6333
4614
4654
6334
4596
4615
4655
4597
4616
4656
4598
4617
4657
4599
4618
4658
4600
4619
4659
4601
4620
4660
4602
4621
4661
4603
4622
4662
4604
4623
4663
4605
4624
4664
4606
4625
4665
4607
4626
4666
4608
4627
4667
4609
4628
4668
4610
4629
4669
4611
4630
4670
4612
4631
4671
4613
4632
4672
4614
4633
4673
4634
4674
4616
4675
4617
4676
4618
4677
4619
4678
4620
4679
4621
4680
4622
4681
4623
4682
4624
4683
4625
4684
4626
4685
4627
4686
4628
4687
4629
4688
4630
4689
4631
4690
4632
4691
4633
4692
4634
4693
4694
4636
4655
4695
6335
4637
4656
4696
6336
4638
4657
4697
6337
4639
4658
4698
6338
4640
4659
4699
6339
4641
4660
4700
6340
4642
4661
4701
6341
4643
4662
4702
6342
4644
4663
4703
6343
4645
4664
4704
6344
4646
4665
4705
6345
4647
4666
4706
6346
4648
4667
4707
6347
4649
4668
4708
6348
4650
4669
4709
6349
4651
4670
4710
6350
4652
4671
4711
6351
4653
4672
4712
6352
4654
4673
4713
6353
4674
4714
6354
4656
4675
4715
4657
4676
4716
4658
4677
4717
4659
4678
4718
4660
4679
4719
4661
4680
4720
4662
4681
4721
4663
4682
4722
4664
4683
4723
4665
4684
4724
4666
4685
4725
4667
4686
4726
4668
4687
4727
4669
4688
4728
4670
4689
4729
4671
4690
4730
4672
4691
4731
4673
4692
4732
4674
4693
4733
4694
4734
4676
4735
4677
4736
4678
4737
4679
4738
4680
4739
4681
4740
4682
4741
4683
4742
4684
4743
4685
4744
4686
4745
4687
4746
4688
4747
4689
4748
4690
4749
4691
4750
4692
4751
4693
4752
4694
4753
4754
4696
4715
4755
6355
4697
4716
4756
6356
4698
4717
4757
6357
4699
4718
4758
6358
4700
4719
4759
6359
4701
4720
4760
6360
4702
4721
4761
6361
4703
4722
4762
6362
4704
4723
4763
6363
4705
4724
4764
6364
4706
4725
4765
6365
4707
4726
4766
6366
4708
4727
4767
6367
4709
4728
4768
6368
4710
4729
4769
6369
4711
4730
4770
6370
4712
4731
4771
6371
4713
4732
4772
6372
4714
4733
4773
6373
4734
4774
6374
4716
4735
4775
4717
4736
4776
4718
4737
4777
4719
4738
4778
4720
4739
4779
4721
4740
4780
4722
4741
4781
4723
4742
4782
4724
4743
4783
4725
4744
4784
4726
4745
4785
4727
4746
4786
4728
4747
4787
4729
4748
4788
4730
4749
4789
4731
4750
4790
4732
4751
4791
4733
4752
4792
4734
4753
4793
4754
4794
4736
4795
4737
4796
4738
4797
4739
4798
4740
4799
4741
4800
4742
4801
4743
4802
4744
4803
4745
4804
4746
4805
4747
4806
4748
4807
4749
4808
4750
4809
4751
4810
4752
4811
4753
4812
4754
4813
4814
4756
4775
4815
6375
4757
4776
4816
6376
4758
4777
4817
6377
4759
4778
4818
6378
4760
4779
4819
6379
4761
4780
4820
6380
4762
4781
4821
6381
4763
4782
4822
6382
4764
4783
4823
6383
4765
4784
4824
6384
4766
4785
4825
6385
4767
4786
4826
6386
4768
4787
4827
6387
4769
4788
4828
6388
4770
4789
4829
6389
4771
4790
4830
6390
4772
4791
4831
6391
4773
4792
4832
6392
4774
4793
4833
6393
4794
4834
6394
4776
4795
4835
4777
4796
4836
4778
4797
4837
4779
4798
4838
4780
4799
4839
4781
4800
4840
4782
4801
4841
4783
4802
4842
4784
4803
4843
4785
4804
4844
4786
4805
4845
4787
4806
4846
4788
4807
4847
4789
4808
4848
4790
4809
4849
4791
4810
4850
4792
4811
4851
4793
4812
4852
4794
4813
4853
4814
4854
4796
4855
4797
4856
4798
4857
4799
4858
4800
4859
4801
4860
4802
4861
4803
4862
4804
4863
4805
4864
4806
4865
4807
4866
4808
4867
4809
4868
4810
4869
4811
4870
4812
4871
4813
4872
4814
4873
4874
4816
4835
4875
6395
4817
4836
4876
6396
4818
4837
4877
6397
4819
4838
4878
6398
4820
4839
4879
6399
4821
4840
4880
6400
4822
4841
4881
6401
4823
4842
4882
6402
4824
4843
4883
6403
4825
4844
4884
6404
4826
4845
4885
6405
4827
4846
4886
6406
4828
4847
4887
6407
4829
4848
4888
6408
4830
4849
4889
6409
4831
4850
4890
6410
4832
4851
4891
6411
4833
4852
4892
6412
4834
4853
4893
6413
4854
4894
6414
4836
4855
4895
4837
4856
4896
4838
4857
4897
4839
4858
4898
4840
4859
4899
4841
4860
4900
4842
4861
4901
4843
4862
4902
4844
4863
4903
4845
4864
4904
4846
4865
4905
4847
4866
4906
4848
4867
4907
4849
4868
4908
4850
4869
4909
4851
4870
4910
4852
4871
4911
4853
4872
4912
4854
4873
4913
4874
4914
4856
4915
4857
4916
4858
4917
4859
4918
4860
4919
4861
4920
4862
4921
4863
4922
4864
4923
4865
4924
4866
4925
4867
4926
4868
4927
4869
4928
4870
4929
4871
4930
4872
4931
4873
4932
4874
4933
4934
4876
4895
4935
6415
4877
4896
4936
6416
4878
4897
4937
6417
4879
4898
4938
6418
4880
4899
4939
6419
4881
4900
4940
6420
4882
4901
4941
6421
4883
4902
4942
6422
4884
4903
4943
6423
4885
4904
4944
6424
4886
4905
4945
6425
4887
4906
4946
6426
4888
4907
4947
6427
4889
4908
4948
6428
4890
4909
4949
6429
4891
4910
4950
6430
4892
4911
4951
6431
4893
4912
4952
6432
4894
4913
4953
6433
4914
4954
6434
4896
4915
4955
4897
4916
4956
4898
4917
4957
4899
4918
4958
4900
4919
4959
4901
4920
4960
4902
4921
4961
4903
4922
4962
4904
4923
4963
4905
4924
4964
4906
4925
4965
4907
4926
4966
4908
4927
4967
4909
4928
4968
4910
4929
4969
4911
4930
4970
4912
4931
4971
4913
4932
4972
4914
4933
4973
4934
4974
4916
4975
4917
4976
4918
4977
4919
4978
4920
4979
4921
4980
4922
4981
4923
4982
4924
4983
4925
4984
4926
4985
4927
4986
4928
4987
4929
4988
4930
4989
4931
4990
4932
4991
4933
4992
4934
4993
4994
4936
4955
4995
6435
4937
4956
4996
6436
4938
4957
4997
6437
4939
4958
4998
6438
4940
4959
4999
6439
4941
4960
5000
6440
4942
4961
5001
6441
4943
4962
5002
6442
4944
4963
5003
6443
4945
4964
5004
6444
4946
4965
5005
6445
4947
4966
5006
6446
4948
4967
5007
6447
4949
4968
5008
6448
4950
4969
5009
6449
4951
4970
5010
6450
4952
4971
5011
6451
4953
4972
5012
6452
4954
4973
5013
6453
4974
5014
6454
4956
4975
5015
4957
4976
5016
4958
4977
5017
4959
4978
5018
4960
4979
5019
4961
4980
5020
4962
4981
5021
4963
4982
5022
4964
4983
5023
4965
4984
5024
4966
4985
5025
4967
4986
5026
4968
4987
5027
4969
4988
5028
4970
4989
5029
4971
4990
5030
4972
4991
5031
4973
4992
5032
4974
4993
5033
4994
5034
4976
5035
4977
5036
4978
5037
4979
5038
4980
5039
4981
5040
4982
5041
4983
5042
4984
5043
4985
5044
4986
5045
4987
5046
4988
5047
4989
5048
4990
5049
4991
5050
4992
5051
4993
5052
4994
5053
5054
4996
5015
5055
6455
4997
5016
5056
6456
4998
5017
5057
6457
4999
5018
5058
6458
5000
5019
5059
6459
5001
5020
5060
6460
5002
5021
5061
6461
5003
5022
5062
6462
5004
5023
5063
6463
5005
5024
5064
6464
5006
5025
5065
6465
5007
5026
5066
6466
5008
5027
5067
6467
5009
5028
5068
6468
5010
5029
5069
6469
5011
5030
5070
6470
5012
5031
5071
6471
5013
5032
5072
6472
5014
5033
5073
6473
5034
5074
6474
5016
5035
5075
5017
5036
5076
5018
5037
5077
5019
5038
5078
5020
5039
5079
5021
5040
5080
5022
5041
5081
5023
5042
5082
5024
5043
5083
5025
5044
5084
5026
5045
5085
5027
5046
5086
5028
5047
5087
5029
5048
5088
5030
5049
5089
5031
5050
5090
5032
5051
5091
5033
5052
5092
5034
5053
5093
5054
5094
5036
5095
5037
5096
5038
5097
5039
5098
5040
5099
5041
5100
5042
5101
5043
5102
5044
5103
5045
5104
5046
5105
5047
5106
5048
5107
5049
5108
5050
5109
5051
5110
5052
5111
5053
5112
5054
5113
5114
5056
5075
5115
6475
5057
5076
5116
6476
5058
5077
5117
6477
5059
5078
5118
6478
5060
5079
5119
6479
5061
5080
5120
6480
5062
5081
5121
6481
5063
5082
5122
6482
5064
5083
5123
6483
5065
5084
5124
6484
5066
5085
5125
6485
5067
5086
5126
6486
5068
5087
5127
6487
5069
5088
5128
6488
5070
5089
5129
6489
5071
5090
5130
6490
5072
5091
5131
6491
5073
5092
5132
6492
5074
5093
5133
6493
5094
5134
6494
5076
5095
5135
5077
5096
5136
5078
5097
5137
5079
5098
5138
5080
5099
5139
5081
5100
5140
5082
5101
5141
5083
5102
5142
5084
5103
5143
5085
5104
5144
5086
5105
5145
5087
5106
5146
5088
5107
5147
5089
5108
5148
5090
5109
5149
5091
5110
5150
5092
5111
5151
5093
5112
5152
5094
5113
5153
5114
5154
5096
5155
5097
5156
5098
5157
5099
5158
5100
5159
5101
5160
5102
5161
5103
5162
5104
5163
5105
5164
5106
5165
5107
5166
5108
5167
5109
5168
5110
5169
5111
5170
5112
5171
5113
5172
5114
5173
5174
5116
5135
5175
6495
5117
5136
5176
6496
5118
5137
5177
6497
5119
5138
5178
6498
5120
5139
5179
6499
5121
5140
5180
6500
5122
5141
5181
6501
5123
5142
5182
6502
5124
5143
5183
6503
5125
5144
5184
6504
5126
5145
5185
6505
5127
5146
5186
6506
5128
5147
5187
6507
5129
5148
5188
6508
5130
5149
5189
6509
5131
5150
5190
6510
5132
5151
5191
6511
5133
5152
5192
6512
5134
5153
5193
6513
5154
5194
6514
5136
5155
5195
5137
5156
5196
5138
5157
5197
5139
5158
5198
5140
5159
5199
5141
5160
5200
5142
5161
5201
5143
5162
5202
5144
5163
5203
5145
5164
5204
5146
5165
5205
5147
5166
5206
5148
5167
5207
5149
5168
5208
5150
5169
5209
5151
5170
5210
5152
5171
5211
5153
5172
5212
5154
5173
5213
5174
5214
5156
5215
5157
5216
5158
5217
5159
5218
5160
5219
5161
5220
5162
5221
5163
5222
5164
5223
5165
5224
5166
5225
5167
5226
5168
5227
5169
5228
5170
5229
5171
5230
5172
5231
5173
5232
5174
5233
5234
5176
5195
5235
6515
5177
5196
5236
6516
5178
5197
5237
6517
5179
5198
5238
6518
5180
5199
5239
6519
5181
5200
5240
6520
5182
5201
5241
6521
5183
5202
5242
6522
5184
5203
5243
6523
5185
5204
5244
6524
5186
5205
5245
6525
5187
5206
5246
6526
5188
5207
5247
6527
5189
5208
5248
6528
5190
5209
5249
6529
5191
5210
5250
6530
5192
5211
5251
6531
5193
5212
5252
6532
5194
5213
5253
6533
5214
5254
6534
5196
5215
5255
5197
5216
5256
5198
5217
5257
5199
5218
5258
5200
5219
5259
5201
5220
5260
5202
5221
5261
5203
5222
5262
5204
5223
5263
5205
5224
5264
5206
5225
5265
5207
5226
5266
5208
5227
5267
5209
5228
5268
5210
5229
5269
5211
5230
5270
5212
5231
5271
5213
5232
5272
5214
5233
5273
5234
5274
5216
5275
5217
5276
5218
5277
5219
5278
5220
5279
5221
5280
5222
5281
5223
5282
5224
5283
5225
5284
5226
5285
5227
5286
5228
5287
5229
5288
5230
5289
5231
5290
5232
5291
5233
5292
5234
5293
5294
5236
5255
5295
6535
5237
5256
5296
6536
5238
5257
5297
6537
5239
5258
5298
6538
5240
5259
5299
6539
5241
5260
5300
6540
5242
5261
5301
6541
5243
5262
5302
6542
5244
5263
5303
6543
5245
5264
5304
6544
5246
5265
5305
6545
5247
5266
5306
6546
5248
5267
5307
6547
5249
5268
5308
6548
5250
5269
5309
6549
5251
5270
5310
6550
5252
5271
5311
6551
5253
5272
5312
6552
5254
5273
5313
6553
5274
5314
6554
5256
5275
5315
5257
5276
5316
5258
5277
5317
5259
5278
5318
5260
5279
5319
5261
5280
5320
5262
5281
5321
5263
5282
5322
5264
5283
5323
5265
5284
5324
5266
5285
5325
5267
5286
5326
5268
5287
5327
5269
5288
5328
5270
5289
5329
5271
5290
5330
5272
5291
5331
5273
5292
5332
5274
5293
5333
5294
5334
5276
5335
5277
5336
5278
5337
5279
5338
5280
5339
5281
5340
5282
5341
5283
5342
5284
5343
5285
5344
5286
5345
5287
5346
5288
5347
5289
5348
5290
5349
5291
5350
5292
5351
5293
5352
5294
5353
5354
5296
5315
5355
6555
5297
5316
5356
6556
5298
5317
5357
6557
5299
5318
5358
6558
5300
5319
5359
6559
5301
5320
5360
6560
5302
5321
5361
6561
5303
5322
5362
6562
5304
5323
5363
6563
5305
5324
5364
6564
5306
5325
5365
6565
5307
5326
5366
6566
5308
5327
5367
6567
5309
5328
5368
6568
5310
5329
5369
6569
5311
5330
5370
6570
5312
5331
5371
6571
5313
5332
5372
6572
5314
5333
5373
6573
5334
5374
6574
5316
5335
5375
5317
5336
5376
5318
5337
5377
5319
5338
5378
5320
5339
5379
5321
5340
5380
5322
5341
5381
5323
5342
5382
5324
5343
5383
5325
5344
5384
5326
5345
5385
5327
5346
5386
5328
5347
5387
5329
5348
5388
5330
5349
5389
5331
5350
5390
5332
5351
5391
5333
5352
5392
5334
5353
5393
5354
5394
5336
5395
5337
5396
5338
5397
5339
5398
5340
5399
5341
5400
5342
5401
5343
5402
5344
5403
5345
5404
5346
5405
5347
5406
5348
5407
5349
5408
5350
5409
5351
5410
5352
5411
5353
5412
5354
5413
5414
5356
5375
5415
6575
5357
5376
5416
6576
5358
5377
5417
6577
5359
5378
5418
6578
5360
5379
5419
6579
5361
5380
5420
6580
5362
5381
5421
6581
5363
5382
5422
6582
5364
5383
5423
6583
5365
5384
5424
6584
5366
5385
5425
6585
5367
5386
5426
6586
5368
5387
5427
6587
5369
5388
5428
6588
5370
5389
5429
6589
5371
5390
5430
6590
5372
5391
5431
6591
5373
5392
5432
6592
5374
5393
5433
6593
5394
5434
6594
5376
5395
5435
5377
5396
5436
5378
5397
5437
5379
5398
5438
5380
5399
5439
5381
5400
5440
5382
5401
5441
5383
5402
5442
5384
5403
5443
5385
5404
5444
5386
5405
5445
5387
5406
5446
5388
5407
5447
5389
5408
5448
5390
5409
5449
5391
5410
5450
5392
5411
5451
5393
5412
5452
5394
5413
5453
5414
5454
5396
5455
5397
5456
5398
5457
5399
5458
5400
5459
5401
5460
5402
5461
5403
5462
5404
5463
5405
5464
5406
5465
5407
5466
5408
5467
5409
5468
5410
5469
5411
5470
5412
5471
5413
5472
5414
5473
5474
5416
5435
6595
5417
5436
6596
5418
5437
6597
5419
5438
6598
5420
5439
6599
5421
5440
6600
5422
5441
6601
5423
5442
6602
5424
5443
6603
5425
5444
6604
5426
5445
6605
5427
5446
6606
5428
5447
6607
5429
5448
6608
5430
5449
6609
5431
5450
6610
5432
5451
6611
5433
5452
6612
5434
5453
6613
5454
6614
5436
5455
5437
5456
5438
5457
5439
5458
5440
5459
5441
5460
5442
5461
5443
5462
5444
5463
5445
5464
5446
5465
5447
5466
5448
5467
5449
5468
5450
5469
5451
5470
5452
5471
5453
5472
5454
5473
5474
5456
5457
5458
5459
5460
5461
5462
5463
5464
5465
5466
5467
5468
5469
5470
5471
5472
5473
5474
5476
5495
5855
7135
5477
5496
5856
7136
5478
5497
5857
7137
5479
5498
5858
7138
5480
5499
5859
7139
5481
5500
5860
7140
5482
5501
5861
7141
5483
5502
5862
7142
5484
5503
5863
7143
5485
5504
5864
7144
5486
5505
5865
7145
5487
5506
5866
7146
5488
5507
5867
7147
5489
5508
5868
7148
5490
5509
5869
7149
5491
5510
5870
7150
5492
5511
5871
7151
5493
5512
5872
7152
5494
5513
5873
7153
5514
5874
7154
5496
5515
5875
5497
5516
5876
5498
5517
5877
5499
5518
5878
5500
5519
5879
5501
5520
5880
5502
5521
5881
5503
5522
5882
5504
5523
5883
5505
5524
5884
5506
5525
5885
5507
5526
5886
5508
5527
5887
5509
5528
5888
5510
5529
5889
5511
5530
5890
5512
5531
5891
5513
5532
5892
5514
5533
5893
5534
5894
5516
5535
5895
5517
5536
5896
5518
5537
5897
5519
5538
5898
5520
5539
5899
5521
5540
5900
5522
5541
5901
5523
5542
5902
5524
5543
5903
5525
5544
5904
5526
5545
5905
5527
5546
5906
5528
5547
5907
5529
5548
5908
5530
5549
5909
5531
5550
5910
5532
5551
5911
5533
5552
5912
5534
5553
5913
5554
5914
5536
5555
5915
5537
5556
5916
5538
5557
5917
5539
5558
5918
5540
5559
5919
5541
5560
5920
5542
5561
5921
5543
5562
5922
5544
5563
5923
5545
5564
5924
5546
5565
5925
5547
5566
5926
5548
5567
5927
5549
5568
5928
5550
5569
5929
5551
5570
5930
5552
5571
5931
5553
5572
5932
5554
5573
5933
5574
5934
5556
5575
5935
5557
5576
5936
5558
5577
5937
5559
5578
5938
5560
5579
5939
5561
5580
5940
5562
5581
5941
5563
5582
5942
5564
5583
5943
5565
5584
5944
5566
5585
5945
5567
5586
5946
5568
5587
5947
5569
5588
5948
5570
5589
5949
5571
5590
5950
5572
5591
5951
5573
5592
5952
5574
5593
5953
5594
5954
5576
5595
5955
5577
5596
5956
5578
5597
5957
5579
5598
5958
5580
5599
5959
5581
5600
5960
5582
5601
5961
5583
5602
5962
5584
5603
5963
5585
5604
5964
5586
5605
5965
5587
5606
5966
5588
5607
5967
5589
5608
5968
5590
5609
5969
5591
5610
5970
5592
5611
5971
5593
5612
5972
5594
5613
5973
5614
5974
5596
5615
5975
5597
5616
5976
5598
5617
5977
5599
5618
5978
5600
5619
5979
5601
5620
5980
5602
5621
5981
5603
5622
5982
5604
5623
5983
5605
5624
5984
5606
5625
5985
5607
5626
5986
5608
5627
5987
5609
5628
5988
5610
5629
5989
5611
5630
5990
5612
5631
5991
5613
5632
5992
5614
5633
5993
5634
5994
5616
5635
5995
5617
5636
5996
5618
5637
5997
5619
5638
5998
5620
5639
5999
5621
5640
6000
5622
5641
6001
5623
5642
6002
5624
5643
6003
5625
5644
6004
5626
5645
6005
5627
5646
6006
5628
5647
6007
5629
5648
6008
5630
5649
6009
5631
5650
6010
5632
5651
6011
5633
5652
6012
5634
5653
6013
5654
6014
5636
5655
6015
5637
5656
6016
5638
5657
6017
5639
5658
6018
5640
5659
6019
5641
5660
6020
5642
5661
6021
5643
5662
6022
5644
5663
6023
5645
5664
6024
5646
5665
6025
5647
5666
6026
5648
5667
6027
5649
5668
6028
5650
5669
6029
5651
5670
6030
5652
5671
6031
5653
5672
6032
5654
5673
6033
5674
6034
5656
5675
6035
5657
5676
6036
5658
5677
6037
5659
5678
6038
5660
5679
6039
5661
5680
6040
5662
5681
6041
5663
5682
6042
5664
5683
6043
5665
5684
6044
5666
5685
6045
5667
5686
6046
5668
5687
6047
5669
5688
6048
5670
5689
6049
5671
5690
6050
5672
5691
6051
5673
5692
6052
5674
5693
6053
5694
6054
5676
5695
6055
5677
5696
6056
5678
5697
6057
5679
5698
6058
5680
5699
6059
5681
5700
6060
5682
5701
6061
5683
5702
6062
5684
5703
6063
5685
5704
6064
5686
5705
6065
5687
5706
6066
5688
5707
6067
5689
5708
6068
5690
5709
6069
5691
5710
6070
5692
5711
6071
5693
5712
6072
5694
5713
6073
5714
6074
5696
5715
6075
5697
5716
6076
5698
5717
6077
5699
5718
6078
5700
5719
6079
5701
5720
6080
5702
5721
6081
5703
5722
6082
5704
5723
6083
5705
5724
6084
5706
5725
6085
5707
5726
6086
5708
5727
6087
5709
5728
6088
5710
5729
6089
5711
5730
6090
5712
5731
6091
5713
5732
6092
5714
5733
6093
5734
6094
5716
5735
6095
5717
5736
6096
5718
5737
6097
5719
5738
6098
5720
5739
6099
5721
5740
6100
5722
5741
6101
5723
5742
6102
5724
5743
6103
5725
5744
6104
5726
5745
6105
5727
5746
6106
5728
5747
6107
5729
5748
6108
5730
5749
6109
5731
5750
6110
5732
5751
6111
5733
5752
6112
5734
5753
6113
5754
6114
5736
5755
6115
5737
5756
6116
5738
5757
6117
5739
5758
6118
5740
5759
6119
5741
5760
6120
5742
5761
6121
5743
5762
6122
5744
5763
6123
5745
5764
6124
5746
5765
6125
5747
5766
6126
5748
5767
6127
5749
5768
6128
5750
5769
6129
5751
5770
6130
5752
5771
6131
5753
5772
6132
5754
5773
6133
5774
6134
5756
5775
6135
5757
5776
6136
5758
5777
6137
5759
5778
6138
5760
5779
6139
5761
5780
6140
5762
5781
6141
5763
5782
6142
5764
5783
6143
5765
5784
6144
5766
5785
6145
5767
5786
6146
5768
5787
6147
5769
5788
6148
5770
5789
6149
5771
5790
6150
5772
5791
6151
5773
5792
6152
5774
5793
6153
5794
6154
5776
5795
6155
5777
5796
6156
5778
5797
6157
5779
5798
6158
5780
5799
6159
5781
5800
6160
5782
5801
6161
5783
5802
6162
5784
5803
6163
5785
5804
6164
5786
5805
6165
5787
5806
6166
5788
5807
6167
5789
5808
6168
5790
5809
6169
5791
5810
6170
5792
5811
6171
5793
5812
6172
5794
5813
6173
5814
6174
5796
5815
6175
5797
5816
6176
5798
5817
6177
5799
5818
6178
5800
5819
6179
5801
5820
6180
5802
5821
6181
5803
5822
6182
5804
5823
6183
5805
5824
6184
5806
5825
6185
5807
5826
6186
5808
5827
6187
5809
5828
6188
5810
5829
6189
5811
5830
6190
5812
5831
6191
5813
5832
6192
5814
5833
6193
5834
6194
5816
5835
6195
5817
5836
6196
5818
5837
6197
5819
5838
6198
5820
5839
6199
5821
5840
6200
5822
5841
6201
5823
5842
6202
5824
5843
6203
5825
5844
6204
5826
5845
6205
5827
5846
6206
5828
5847
6207
5829
5848
6208
5830
5849
6209
5831
5850
6210
5832
5851
6211
5833
5852
6212
5834
5853
6213
5854
6214
5836
6215
5837
6216
5838
6217
5839
6218
5840
6219
5841
6220
5842
6221
5843
6222
5844
6223
5845
6224
5846
6225
5847
6226
5848
6227
5849
6228
5850
6229
5851
6230
5852
6231
5853
6232
5854
6233
6234
5856
5875
6235
7115
5857
5876
6236
7116
5858
5877
6237
7117
5859
5878
6238
7118
5860
5879
6239
7119
5861
5880
6240
7120
5862
5881
6241
7121
5863
5882
6242
7122
5864
5883
6243
7123
5865
5884
6244
7124
5866
5885
6245
7125
5867
5886
6246
7126
5868
5887
6247
7127
5869
5888
6248
7128
5870
5889
6249
7129
5871
5890
6250
7130
5872
5891
6251
7131
5873
5892
6252
7132
5874
5893
6253
7133
5894
6254
7134
5876
5895
6255
5877
5896
6256
5878
5897
6257
5879
5898
6258
5880
5899
6259
5881
5900
6260
5882
5901
6261
5883
5902
6262
5884
5903
6263
5885
5904
6264
5886
5905
6265
5887
5906
6266
5888
5907
6267
5889
5908
6268
5890
5909
6269
5891
5910
6270
5892
5911
6271
5893
5912
6272
5894
5913
6273
5914
6274
5896
5915
6275
5897
5916
6276
5898
5917
6277
5899
5918
6278
5900
5919
6279
5901
5920
6280
5902
5921
6281
5903
5922
6282
5904
5923
6283
5905
5924
6284
5906
5925
6285
5907
5926
6286
5908
5927
6287
5909
5928
6288
5910
5929
6289
5911
5930
6290
5912
5931
6291
5913
5932
6292
5914
5933
6293
5934
6294
5916
5935
6295
5917
5936
6296
5918
5937
6297
5919
5938
6298
5920
5939
6299
5921
5940
6300
5922
5941
6301
5923
5942
6302
5924
5943
6303
5925
5944
6304
5926
5945
6305
5927
5946
6306
5928
5947
6307
5929
5948
6308
5930
5949
6309
5931
5950
6310
5932
5951
6311
5933
5952
6312
5934
5953
6313
5954
6314
5936
5955
6315
5937
5956
6316
5938
5957
6317
5939
5958
6318
5940
5959
6319
5941
5960
6320
5942
5961
6321
5943
5962
6322
5944
5963
6323
5945
5964
6324
5946
5965
6325
5947
5966
6326
5948
5967
6327
5949
5968
6328
5950
5969
6329
5951
5970
6330
5952
5971
6331
5953
5972
6332
5954
5973
6333
5974
6334
5956
5975
6335
5957
5976
6336
5958
5977
6337
5959
5978
6338
5960
5979
6339
5961
5980
6340
5962
5981
6341
5963
5982
6342
5964
5983
6343
5965
5984
6344
5966
5985
6345
5967
5986
6346
5968
5987
6347
5969
5988
6348
5970
5989
6349
5971
5990
6350
5972
5991
6351
5973
5992
6352
5974
5993
6353
5994
6354
5976
5995
6355
5977
5996
6356
5978
5997
6357
5979
5998
6358
5980
5999
6359
5981
6000
6360
5982
6001
6361
5983
6002
6362
5984
6003
6363
5985
6004
6364
5986
6005
6365
5987
6006
6366
5988
6007
6367
5989
6008
6368
5990
6009
6369
5991
6010
6370
5992
6011
6371
5993
6012
6372
5994
6013
6373
6014
6374
5996
6015
6375
5997
6016
6376
5998
6017
6377
5999
6018
6378
6000
6019
6379
6001
6020
6380
6002
6021
6381
6003
6022
6382
6004
6023
6383
6005
6024
6384
6006
6025
6385
6007
6026
6386
6008
6027
6387
6009
6028
6388
6010
6029
6389
6011
6030
6390
6012
6031
6391
6013
6032
6392
6014
6033
6393
6034
6394
6016
6035
6395
6017
6036
6396
6018
6037
6397
6019
6038
6398
6020
6039
6399
6021
6040
6400
6022
6041
6401
6023
6042
6402
6024
6043
6403
6025
6044
6404
6026
6045
6405
6027
6046
6406
6028
6047
6407
6029
6048
6408
6030
6049
6409
6031
6050
6410
6032
6051
6411
6033
6052
6412
6034
6053
6413
6054
6414
6036
6055
6415
6037
6056
6416
6038
6057
6417
6039
6058
6418
6040
6059
6419
6041
6060
6420
6042
6061
6421
6043
6062
6422
6044
6063
6423
6045
6064
6424
6046
6065
6425
6047
6066
6426
6048
6067
6427
6049
6068
6428
6050
6069
6429
6051
6070
6430
6052
6071
6431
6053
6072
6432
6054
6073
6433
6074
6434
6056
6075
6435
6057
6076
6436
6058
6077
6437
6059
6078
6438
6060
6079
6439
6061
6080
6440
6062
6081
6441
6063
6082
6442
6064
6083
6443
6065
6084
6444
6066
6085
6445
6067
6086
6446
6068
6087
6447
6069
6088
6448
6070
6089
6449
6071
6090
6450
6072
6091
6451
6073
6092
6452
6074
6093
6453
6094
6454
6076
6095
6455
6077
6096
6456
6078
6097
6457
6079
6098
6458
6080
6099
6459
6081
6100
6460
6082
6101
6461
6083
6102
6462
6084
6103
6463
6085
6104
6464
6086
6105
6465
6087
6106
6466
6088
6107
6467
6089
6108
6468
6090
6109
6469
6091
6110
6470
6092
6111
6471
6093
6112
6472
6094
6113
6473
6114
6474
6096
6115
6475
6097
6116
6476
6098
6117
6477
6099
6118
6478
6100
6119
6479
6101
6120
6480
6102
6121
6481
6103
6122
6482
6104
6123
6483
6105
6124
6484
6106
6125
6485
6107
6126
6486
6108
6127
6487
6109
6128
6488
6110
6129
6489
6111
6130
6490
6112
6131
6491
6113
6132
6492
6114
6133
6493
6134
6494
6116
6135
6495
6117
6136
6496
6118
6137
6497
6119
6138
6498
6120
6139
6499
6121
6140
6500
6122
6141
6501
6123
6142
6502
6124
6143
6503
6125
6144
6504
6126
6145
6505
6127
6146
6506
6128
6147
6507
6129
6148
6508
6130
6149
6509
6131
6150
6510
6132
6151
6511
6133
6152
6512
6134
6153
6513
6154
6514
6136
6155
6515
6137
6156
6516
6138
6157
6517
6139
6158
6518
6140
6159
6519
6141
6160
6520
6142
6161
6521
6143
6162
6522
6144
6163
6523
6145
6164
6524
6146
6165
6525
6147
6166
6526
6148
6167
6527
6149
6168
6528
6150
6169
6529
6151
6170
6530
6152
6171
6531
6153
6172
6532
6154
6173
6533
6174
6534
6156
6175
6535
6157
6176
6536
6158
6177
6537
6159
6178
6538
6160
6179
6539
6161
6180
6540
6162
6181
6541
6163
6182
6542
6164
6183
6543
6165
6184
6544
6166
6185
6545
6167
6186
6546
6168
6187
6547
6169
6188
6548
6170
6189
6549
6171
6190
6550
6172
6191
6551
6173
6192
6552
6174
6193
6553
6194
6554
6176
6195
6555
6177
6196
6556
6178
6197
6557
6179
6198
6558
6180
6199
6559
6181
6200
6560
6182
6201
6561
6183
6202
6562
6184
6203
6563
6185
6204
6564
6186
6205
6565
6187
6206
6566
6188
6207
6567
6189
6208
6568
6190
6209
6569
6191
6210
6570
6192
6211
6571
6193
6212
6572
6194
6213
6573
6214
6574
6196
6215
6575
6197
6216
6576
6198
6217
6577
6199
6218
6578
6200
6219
6579
6201
6220
6580
6202
6221
6581
6203
6222
6582
6204
6223
6583
6205
6224
6584
6206
6225
6585
6207
6226
6586
6208
6227
6587
6209
6228
6588
6210
6229
6589
6211
6230
6590
6212
6231
6591
6213
6232
6592
6214
6233
6593
6234
6594
6216
6595
6217
6596
6218
6597
6219
6598
6220
6599
6221
6600
6222
6601
6223
6602
6224
6603
6225
6604
6226
6605
6227
6606
6228
6607
6229
6608
6230
6609
6231
6610
6232
6611
6233
6612
6234
6613
6614
6236
6255
7095
6237
6256
7096
6238
6257
7097
6239
6258
7098
6240
6259
7099
6241
6260
7100
6242
6261
7101
6243
6262
7102
6244
6263
7103
6245
6264
7104
6246
6265
7105
6247
6266
7106
6248
6267
7107
6249
6268
7108
6250
6269
7109
6251
6270
7110
6252
6271
7111
6253
6272
7112
6254
6273
7113
6274
7114
6256
6275
6257
6276
6258
6277
6259
6278
6260
6279
6261
6280
6262
6281
6263
6282
6264
6283
6265
6284
6266
6285
6267
6286
6268
6287
6269
6288
6270
6289
6271
6290
6272
6291
6273
6292
6274
6293
6294
6276
6295
6277
6296
6278
6297
6279
6298
6280
6299
6281
6300
6282
6301
6283
6302
6284
6303
6285
6304
6286
6305
6287
6306
6288
6307
6289
6308
6290
6309
6291
6310
6292
6311
6293
6312
6294
6313
6314
6296
6315
6297
6316
6298
6317
6299
6318
6300
6319
6301
6320
6302
6321
6303
6322
6304
6323
6305
6324
6306
6325
6307
6326
6308
6327
6309
6328
6310
6329
6311
6330
6312
6331
6313
6332
6314
6333
6334
6316
6335
6317
6336
6318
6337
6319
6338
6320
6339
6321
6340
6322
6341
6323
6342
6324
6343
6325
6344
6326
6345
6327
6346
6328
6347
6329
6348
6330
6349
6331
6350
6332
6351
6333
6352
6334
6353
6354
6336
6355
6337
6356
6338
6357
6339
6358
6340
6359
6341
6360
6342
6361
6343
6362
6344
6363
6345
6364
6346
6365
6347
6366
6348
6367
6349
6368
6350
6369
6351
6370
6352
6371
6353
6372
6354
6373
6374
6356
6375
6357
6376
6358
6377
6359
6378
6360
6379
6361
6380
6362
6381
6363
6382
6364
6383
6365
6384
6366
6385
6367
6386
6368
6387
6369
6388
6370
6389
6371
6390
6372
6391
6373
6392
6374
6393
6394
6376
6395
6377
6396
6378
6397
6379
6398
6380
6399
6381
6400
6382
6401
6383
6402
6384
6403
6385
6404
6386
6405
6387
6406
6388
6407
6389
6408
6390
6409
6391
6410
6392
6411
6393
6412
6394
6413
6414
6396
6415
6397
6416
6398
6417
6399
6418
6400
6419
6401
6420
6402
6421
6403
6422
6404
6423
6405
6424
6406
6425
6407
6426
6408
6427
6409
6428
6410
6429
6411
6430
6412
6431
6413
6432
6414
6433
6434
6416
6435
6417
6436
6418
6437
6419
6438
6420
6439
6421
6440
6422
6441
6423
6442
6424
6443
6425
6444
6426
6445
6427
6446
6428
6447
6429
6448
6430
6449
6431
6450
6432
6451
6433
6452
6434
6453
6454
6436
6455
6437
6456
6438
6457
6439
6458
6440
6459
6441
6460
6442
6461
6443
6462
6444
6463
6445
6464
6446
6465
6447
6466
6448
6467
6449
6468
6450
6469
6451
6470
6452
6471
6453
6472
6454
6473
6474
6456
6475
6457
6476
6458
6477
6459
6478
6460
6479
6461
6480
6462
6481
6463
6482
6464
6483
6465
6484
6466
6485
6467
6486
6468
6487
6469
6488
6470
6489
6471
6490
6472
6491
6473
6492
6474
6493
6494
6476
6495
6477
6496
6478
6497
6479
6498
6480
6499
6481
6500
6482
6501
6483
6502
6484
6503
6485
6504
6486
6505
6487
6506
6488
6507
6489
6508
6490
6509
6491
6510
6492
6511
6493
6512
6494
6513
6514
6496
6515
6497
6516
6498
6517
6499
6518
6500
6519
6501
6520
6502
6521
6503
6522
6504
6523
6505
6524
6506
6525
6507
6526
6508
6527
6509
6528
6510
6529
6511
6530
6512
6531
6513
6532
6514
6533
6534
6516
6535
6517
6536
6518
6537
6519
6538
6520
6539
6521
6540
6522
6541
6523
6542
6524
6543
6525
6544
6526
6545
6527
6546
6528
6547
6529
6548
6530
6549
6531
6550
6532
6551
6533
6552
6534
6553
6554
6536
6555
6537
6556
6538
6557
6539
6558
6540
6559
6541
6560
6542
6561
6543
6562
6544
6563
6545
6564
6546
6565
6547
6566
6548
6567
6549
6568
6550
6569
6551
6570
6552
6571
6553
6572
6554
6573
6574
6556
6575
6557
6576
6558
6577
6559
6578
6560
6579
6561
6580
6562
6581
6563
6582
6564
6583
6565
6584
6566
6585
6567
6586
6568
6587
6569
6588
6570
6589
6571
6590
6572
6591
6573
6592
6574
6593
6594
6576
6595
6577
6596
6578
6597
6579
6598
6580
6599
6581
6600
6582
6601
6583
6602
6584
6603
6585
6604
6586
6605
6587
6606
6588
6607
6589
6608
6590
6609
6591
6610
6592
6611
6593
6612
6594
6613
6614
6596
6597
6598
6599
6600
6601
6602
6603
6604
6605
6606
6607
6608
6609
6610
6611
6612
6613
6614
6616
6635
6675
7155
6617
6636
6676
7156
6618
6637
6677
7157
6619
6638
6678
7158
6620
6639
6679
7159
6621
6640
6680
7160
6622
6641
6681
7161
6623
6642
6682
7162
6624
6643
6683
7163
6625
6644
6684
7164
6626
6645
6685
7165
6627
6646
6686
7166
6628
6647
6687
7167
6629
6648
6688
7168
6630
6649
6689
7169
6631
6650
6690
7170
6632
6651
6691
7171
6633
6652
6692
7172
6634
6653
6693
7173
6654
6694
7174
6636
6655
6695
7215
6637
6656
6696
7216
6638
6657
6697
7217
6639
6658
6698
7218
6640
6659
6699
7219
6641
6660
6700
7220
6642
6661
6701
7221
6643
6662
6702
7222
6644
6663
6703
7223
6645
6664
6704
7224
6646
6665
6705
7225
6647
6666
6706
7226
6648
6667
6707
7227
6649
6668
6708
7228
6650
6669
6709
7229
6651
6670
6710
7230
6652
6671
6711
7231
6653
6672
6712
7232
6654
6673
6713
7233
6674
6714
7234
6656
6715
7275
6657
6716
7276
6658
6717
7277
6659
6718
7278
6660
6719
7279
6661
6720
7280
6662
6721
7281
6663
6722
7282
6664
6723
7283
6665
6724
7284
6666
6725
7285
6667
6726
7286
6668
6727
7287
6669
6728
7288
6670
6729
7289
6671
6730
7290
6672
6731
7291
6673
6732
7292
6674
6733
7293
6734
7294
6676
6695
6735
6677
6696
6736
6678
6697
6737
6679
6698
6738
6680
6699
6739
6681
6700
6740
6682
6701
6741
6683
6702
6742
6684
6703
6743
6685
6704
6744
6686
6705
6745
6687
6706
6746
6688
6707
6747
6689
6708
6748
6690
6709
6749
6691
6710
6750
6692
6711
6751
6693
6712
6752
6694
6713
6753
6714
6754
6696
6715
6755
6697
6716
6756
6698
6717
6757
6699
6718
6758
6700
6719
6759
6701
6720
6760
6702
6721
6761
6703
6722
6762
6704
6723
6763
6705
6724
6764
6706
6725
6765
6707
6726
6766
6708
6727
6767
6709
6728
6768
6710
6729
6769
6711
6730
6770
6712
6731
6771
6713
6732
6772
6714
6733
6773
6734
6774
6716
6775
6717
6776
6718
6777
6719
6778
6720
6779
6721
6780
6722
6781
6723
6782
6724
6783
6725
6784
6726
6785
6727
6786
6728
6787
6729
6788
6730
6789
6731
6790
6732
6791
6733
6792
6734
6793
6794
6736
6755
6795
6737
6756
6796
6738
6757
6797
6739
6758
6798
6740
6759
6799
6741
6760
6800
6742
6761
6801
6743
6762
6802
6744
6763
6803
6745
6764
6804
6746
6765
6805
6747
6766
6806
6748
6767
6807
6749
6768
6808
6750
6769
6809
6751
6770
6810
6752
6771
6811
6753
6772
6812
6754
6773
6813
6774
6814
6756
6775
6815
6757
6776
6816
6758
6777
6817
6759
6778
6818
6760
6779
6819
6761
6780
6820
6762
6781
6821
6763
6782
6822
6764
6783
6823
6765
6784
6824
6766
6785
6825
6767
6786
6826
6768
6787
6827
6769
6788
6828
6770
6789
6829
6771
6790
6830
6772
6791
6831
6773
6792
6832
6774
6793
6833
6794
6834
6776
6835
6777
6836
6778
6837
6779
6838
6780
6839
6781
6840
6782
6841
6783
6842
6784
6843
6785
6844
6786
6845
6787
6846
6788
6847
6789
6848
6790
6849
6791
6850
6792
6851
6793
6852
6794
6853
6854
6796
6815
6855
6797
6816
6856
6798
6817
6857
6799
6818
6858
6800
6819
6859
6801
6820
6860
6802
6821
6861
6803
6822
6862
6804
6823
6863
6805
6824
6864
6806
6825
6865
6807
6826
6866
6808
6827
6867
6809
6828
6868
6810
6829
6869
6811
6830
6870
6812
6831
6871
6813
6832
6872
6814
6833
6873
6834
6874
6816
6835
6875
6817
6836
6876
6818
6837
6877
6819
6838
6878
6820
6839
6879
6821
6840
6880
6822
6841
6881
6823
6842
6882
6824
6843
6883
6825
6844
6884
6826
6845
6885
6827
6846
6886
6828
6847
6887
6829
6848
6888
6830
6849
6889
6831
6850
6890
6832
6851
6891
6833
6852
6892
6834
6853
6893
6854
6894
6836
6895
6837
6896
6838
6897
6839
6898
6840
6899
6841
6900
6842
6901
6843
6902
6844
6903
6845
6904
6846
6905
6847
6906
6848
6907
6849
6908
6850
6909
6851
6910
6852
6911
6853
6912
6854
6913
6914
6856
6875
6915
6857
6876
6916
6858
6877
6917
6859
6878
6918
6860
6879
6919
6861
6880
6920
6862
6881
6921
6863
6882
6922
6864
6883
6923
6865
6884
6924
6866
6885
6925
6867
6886
6926
6868
6887
6927
6869
6888
6928
6870
6889
6929
6871
6890
6930
6872
6891
6931
6873
6892
6932
6874
6893
6933
6894
6934
6876
6895
6935
6877
6896
6936
6878
6897
6937
6879
6898
6938
6880
6899
6939
6881
6900
6940
6882
6901
6941
6883
6902
6942
6884
6903
6943
6885
6904
6944
6886
6905
6945
6887
6906
6946
6888
6907
6947
6889
6908
6948
6890
6909
6949
6891
6910
6950
6892
6911
6951
6893
6912
6952
6894
6913
6953
6914
6954
6896
6955
6897
6956
6898
6957
6899
6958
6900
6959
6901
6960
6902
6961
6903
6962
6904
6963
6905
6964
6906
6965
6907
6966
6908
6967
6909
6968
6910
6969
6911
6970
6912
6971
6913
6972
6914
6973
6974
6916
6935
6975
6917
6936
6976
6918
6937
6977
6919
6938
6978
6920
6939
6979
6921
6940
6980
6922
6941
6981
6923
6942
6982
6924
6943
6983
6925
6944
6984
6926
6945
6985
6927
6946
6986
6928
6947
6987
6929
6948
6988
6930
6949
6989
6931
6950
6990
6932
6951
6991
6933
6952
6992
6934
6953
6993
6954
6994
6936
6955
6995
6937
6956
6996
6938
6957
6997
6939
6958
6998
6940
6959
6999
6941
6960
7000
6942
6961
7001
6943
6962
7002
6944
6963
7003
6945
6964
7004
6946
6965
7005
6947
6966
7006
6948
6967
7007
6949
6968
7008
6950
6969
7009
6951
6970
7010
6952
6971
7011
6953
6972
7012
6954
6973
7013
6974
7014
6956
7015
6957
7016
6958
7017
6959
7018
6960
7019
6961
7020
6962
7021
6963
7022
6964
7023
6965
7024
6966
7025
6967
7026
6968
7027
6969
7028
6970
7029
6971
7030
6972
7031
6973
7032
6974
7033
7034
6976
6995
7035
6977
6996
7036
6978
6997
7037
6979
6998
7038
6980
6999
7039
6981
7000
7040
6982
7001
7041
6983
7002
7042
6984
7003
7043
6985
7004
7044
6986
7005
7045
6987
7006
7046
6988
7007
7047
6989
7008
7048
6990
7009
7049
6991
7010
7050
6992
7011
7051
6993
7012
7052
6994
7013
7053
7014
7054
6996
7015
7055
6997
7016
7056
6998
7017
7057
6999
7018
7058
7000
7019
7059
7001
7020
7060
7002
7021
7061
7003
7022
7062
7004
7023
7063
7005
7024
7064
7006
7025
7065
7007
7026
7066
7008
7027
7067
7009
7028
7068
7010
7029
7069
7011
7030
7070
7012
7031
7071
7013
7032
7072
7014
7033
7073
7034
7074
7016
7075
7017
7076
7018
7077
7019
7078
7020
7079
7021
7080
7022
7081
7023
7082
7024
7083
7025
7084
7026
7085
7027
7086
7028
7087
7029
7088
7030
7089
7031
7090
7032
7091
7033
7092
7034
7093
7094
7036
7055
7095
7037
7056
7096
7038
7057
7097
7039
7058
7098
7040
7059
7099
7041
7060
7100
7042
7061
7101
7043
7062
7102
7044
7063
7103
7045
7064
7104
7046
7065
7105
7047
7066
7106
7048
7067
7107
7049
7068
7108
7050
7069
7109
7051
7070
7110
7052
7071
7111
7053
7072
7112
7054
7073
7113
7074
7114
7056
7075
7115
7057
7076
7116
7058
7077
7117
7059
7078
7118
7060
7079
7119
7061
7080
7120
7062
7081
7121
7063
7082
7122
7064
7083
7123
7065
7084
7124
7066
7085
7125
7067
7086
7126
7068
7087
7127
7069
7088
7128
7070
7089
7129
7071
7090
7130
7072
7091
7131
7073
7092
7132
7074
7093
7133
7094
7134
7076
7135
7077
7136
7078
7137
7079
7138
7080
7139
7081
7140
7082
7141
7083
7142
7084
7143
7085
7144
7086
7145
7087
7146
7088
7147
7089
7148
7090
7149
7091
7150
7092
7151
7093
7152
7094
7153
7154
7096
7115
7097
7116
7098
7117
7099
7118
7100
7119
7101
7120
7102
7121
7103
7122
7104
7123
7105
7124
7106
7125
7107
7126
7108
7127
7109
7128
7110
7129
7111
7130
7112
7131
7113
7132
7114
7133
7134
7116
7135
7117
7136
7118
7137
7119
7138
7120
7139
7121
7140
7122
7141
7123
7142
7124
7143
7125
7144
7126
7145
7127
7146
7128
7147
7129
7148
7130
7149
7131
7150
7132
7151
7133
7152
7134
7153
7154
7136
7137
7138
7139
7140
7141
7142
7143
7144
7145
7146
7147
7148
7149
7150
7151
7152
7153
7154
7156
7175
7215
7157
7176
7216
7158
7177
7217
7159
7178
7218
7160
7179
7219
7161
7180
7220
7162
7181
7221
7163
7182
7222
7164
7183
7223
7165
7184
7224
7166
7185
7225
7167
7186
7226
7168
7187
7227
7169
7188
7228
7170
7189
7229
7171
7190
7230
7172
7191
7231
7173
7192
7232
7174
7193
7233
7194
7234
7176
7195
7235
7177
7196
7236
7178
7197
7237
7179
7198
7238
7180
7199
7239
7181
7200
7240
7182
7201
7241
7183
7202
7242
7184
7203
7243
7185
7204
7244
7186
7205
7245
7187
7206
7246
7188
7207
7247
7189
7208
7248
7190
7209
7249
7191
7210
7250
7192
7211
7251
7193
7212
7252
7194
7213
7253
7214
7254
7196
7255
7197
7256
7198
7257
7199
7258
7200
7259
7201
7260
7202
7261
7203
7262
7204
7263
7205
7264
7206
7265
7207
7266
7208
7267
7209
7268
7210
7269
7211
7270
7212
7271
7213
7272
7214
7273
7274
7216
7235
7275
7217
7236
7276
7218
7237
7277
7219
7238
7278
7220
7239
7279
7221
7240
7280
7222
7241
7281
7223
7242
7282
7224
7243
7283
7225
7244
7284
7226
7245
7285
7227
7246
7286
7228
7247
7287
7229
7248
7288
7230
7249
7289
7231
7250
7290
7232
7251
7291
7233
7252
7292
7234
7253
7293
7254
7294
7236
7255
7295
7237
7256
7296
7238
7257
7297
7239
7258
7298
7240
7259
7299
7241
7260
7300
7242
7261
7301
7243
7262
7302
7244
7263
7303
7245
7264
7304
7246
7265
7305
7247
7266
7306
7248
7267
7307
7249
7268
7308
7250
7269
7309
7251
7270
7310
7252
7271
7311
7253
7272
7312
7254
7273
7313
7274
7314
7256
7315
7257
7316
7258
7317
7259
7318
7260
7319
7261
7320
7262
7321
7263
7322
7264
7323
7265
7324
7266
7325
7267
7326
7268
7327
7269
7328
7270
7329
7271
7330
7272
7331
7273
7332
7274
7333
7334
7276
7295
7277
7296
7278
7297
7279
7298
7280
7299
7281
7300
7282
7301
7283
7302
7284
7303
7285
7304
7286
7305
7287
7306
7288
7307
7289
7308
7290
7309
7291
7310
7292
7311
7293
7312
7294
7313
7314
7296
7315
7297
7316
7298
7317
7299
7318
7300
7319
7301
7320
7302
7321
7303
7322
7304
7323
7305
7324
7306
7325
7307
7326
7308
7327
7309
7328
7310
7329
7311
7330
7312
7331
7313
7332
7314
7333
7334
7316
7317
7318
7319
7320
7321
7322
7323
7324
7325
7326
7327
7328
7329
7330
7331
7332
7333
7334
)


// ************************************************************************* //
